pass: 0
out: 
-20.0159 -1.20398 -1.72174 5.40281 -10.0941 10.3578 3.01987 5.84815 -5.19335 -1.28212 0.492034 4.68819 -6.69011 -11.5088 2.28055 -3.75319 4.31233 -6.25406 7.17469 2.75554 3.18774 -12.5587 -4.62151 1.05107 15.1711 -5.26623 -3.15576 -3.90859 6.24256 19.2966 -0.258518 13.3693 7.42188 5.59567 11.5316 4.16788 -4.61002 11.931 -2.85995 8.51603 -7.09485 -2.83155 6.52833 7.85657 6.3052 -9.25274 0.677126 3.542 5.32021 5.40491 3.79167 3.32998 -27.2316 1.21324 -2.97542 -1.54814 6.71126 4.35275 -2.7131 -13.9225 -2.60912 -3.50636 -4.25002 5.70026 
20.7882 11.8547 -3.86445 -2.38722 5.9691 5.34368 -9.02917 -19.8954 -1.38806 -13.5468 3.07407 7.2383 -0.701661 -1.44429 -1.70741 -5.54018 -22.8294 12.3379 0.648374 6.41047 13.1386 -4.19699 9.07653 11.8892 -19.0956 -10.2818 -12.5825 20.5775 9.27154 -3.18563 -6.15532 13.5622 -17.6212 5.03462 -13.2378 -1.07541 -6.20725 6.58149 7.07412 9.79004 -1.26144 4.68617 -1.87289 2.22267 -5.9647 -8.31736 10.4129 17.4362 -8.28948 10.7116 12.6203 6.81857 16.1758 -8.62304 -16.8134 21.1401 -4.15193 -13.7074 0.186101 -0.0274045 12.0705 -4.3092 11.8374 -8.77447 
6.50691 -16.8301 -4.56916 -0.890404 -6.85316 -8.20828 9.64279 -2.6415 -0.132336 7.37367 -0.901816 -4.86517 -7.52316 6.49897 0.893577 -8.28866 -1.89861 -10.2448 -1.44883 -9.156 10.5788 14.6436 7.05086 12.5889 -15.6698 2.48766 -0.0953834 7.96881 6.19008 0.186081 -3.32914 2.4363 -3.46714 -7.96738 -6.27065 -7.8472 -15.5615 -1.42474 14.4004 4.49841 -9.18364 -1.21222 -3.7196 8.94654 -0.491844 -3.05384 2.13643 -25.4803 -3.05326 -1.43467 6.0359 -8.32375 -10.9485 8.28768 0.863884 10.1602 9.90575 10.4004 8.20293 3.64682 -2.18985 2.2312 -0.254634 13.5123 
-13.0971 1.98711 -2.01628 -1.82144 -0.119119 2.61151 1.00438 -11.3693 -0.291784 1.03198 1.87053 0.491296 -0.14862 -3.32389 -9.83256 -7.04558 9.63104 6.7295 6.33923 -16.6468 10.3864 -9.35777 -4.35043 10.1523 3.02443 9.41742 14.4939 -1.3892 -4.8078 15.0362 -5.24001 12.1792 -0.000740028 6.64376 -11.9666 -13.2536 0.853252 5.71546 -1.51924 10.0341 6.99499 -8.60221 -0.509645 9.88708 11.5252 -17.3211 8.36205 -2.78674 -6.76081 -2.67092 12.2854 -0.912499 7.04155 6.07577 -18.7019 -0.714119 10.0678 9.04351 3.34076 14.7471 3.80258 7.476 4.13163 10.767 
-8.73998 2.36661 -8.88817 5.85278 -3.97221 0.824711 -3.4195 -15.013 0.597612 8.14958 2.85995 -1.41843 4.60163 6.48278 -8.86944 -4.38395 14.7507 2.46914 2.93543 3.23623 7.30845 -0.678817 4.20596 7.84484 -3.17501 2.21618 -2.15734 0.131671 5.46119 2.78858 -3.82897 -8.65081 11.6094 -11.7464 0.156364 4.50008 -2.8315 8.1094 8.52425 -5.465 -0.220795 2.73634 4.13757 9.61823 -3.61456 -2.7321 5.64184 -4.75752 3.16023 -5.43725 -7.14058 -16.4804 0.438381 5.56236 8.32064 -3.0693 5.2356 -10.7944 9.43301 -4.10634 -10.833 5.87285 -9.35308 7.8762 
-1.67333 -6.14814 7.42244 -9.13244 5.18616 -2.54475 -1.96344 -1.3526 -7.89417 1.04651 -7.70809 11.7866 2.75708 -7.39065 -3.59216 -0.708328 0.385336 2.83216 -3.48749 -7.60937 -1.11974 10.5698 -9.81783 -4.96997 -5.86921 3.49245 -4.9547 16.5489 -2.65725 -9.02337 8.38627 10.4086 -10.1566 -3.30306 -14.6579 4.18066 -11.2954 7.04954 12.502 2.14971 8.22221 -19.4813 -3.11604 1.98536 -10.2458 -25.0949 4.23732 -6.67527 -2.98707 -4.58581 3.37855 -5.87204 5.5664 -12.7517 -10.5915 4.0552 -11.958 1.75912 -7.22579 -3.96933 -3.75467 16.2511 5.06977 12.8268 
-0.79429 5.64658 -16.4424 -3.26289 8.05377 -10.5388 -4.979 -0.173436 -18.9156 4.07513 -0.712548 5.4158 -9.07153 13.3118 3.6293 8.46811 -2.38633 8.12173 -0.248793 -0.557637 -9.95232 -2.85898 1.37195 0.853094 -11.0707 -9.97274 4.38413 8.84778 -3.36118 -10.9241 -9.60101 10.7565 -3.95617 -0.269503 11.6857 0.677184 -4.34056 -14.7104 3.87605 14.2062 -1.73914 -13.7431 2.62337 -9.01194 10.7397 -11.4161 -14.0057 15.9214 13.6445 4.15413 -3.69055 2.43515 -4.96018 -12.1172 -2.67566 1.97559 0.818983 -2.63007 -17.8111 7.68642 2.73965 2.49579 4.25819 -6.59415 
-3.55961 -2.88241 14.3947 5.83406 2.24354 2.04658 5.55961 -6.61187 -5.65141 -2.72999 -4.35969 -6.74495 0.163844 18.3101 5.16842 11.2453 3.91953 -16.4168 -4.40066 -8.12007 5.32515 2.20509 6.55067 -5.31611 -5.15094 -3.23525 10.7628 5.75203 0.639398 -6.13662 11.6729 -12.5218 3.66675 11.3292 -5.49954 2.29667 2.75956 -1.69575 12.9049 -3.8628 2.44072 18.2464 10.6812 -1.87252 -5.70819 -1.68689 13.1221 -12.8109 -12.8399 3.8417 -2.45065 -6.66651 6.80682 -6.18513 7.17495 -1.49318 -8.74928 4.12661 -10.6303 -5.02439 -3.31389 4.18616 -14.6147 1.42132 
-9.87277 -12.1499 2.205 -5.5422 10.5663 -2.04424 -2.13117 12.3988 3.9443 0.31645 -6.13273 9.36401 -11.7049 -9.19088 -1.32914 -10.5947 -8.01262 7.00716 7.67028 7.83229 1.68778 -0.266011 -2.15513 -7.95381 -1.99997 1.26339 -7.84079 6.19845 -1.17965 8.81893 5.09034 -7.35861 -3.47512 -4.59319 5.04385 12.1163 -11.9718 3.49201 -0.156802 6.02929 7.65154 1.01034 -0.12399 1.3662 -11.1603 -8.51517 12.303 7.5872 -5.2928 6.95817 1.02337 6.27925 -16.9542 -10.1924 8.19142 -3.16015 1.73684 5.2516 3.99069 0.515232 0.968839 10.4155 5.10992 8.13094 
-28.0185 2.05951 -1.92507 -6.05138 -12.3256 -8.74535 1.86916 -10.86 -10.2044 16.1461 0.520047 5.36856 3.41685 -17.0639 -5.57506 3.27561 -11.5527 3.20231 -12.1107 3.42019 8.3435 -16.318 12.9578 8.98839 12.2603 -6.14538 17.1856 -2.2619 3.86589 14.6473 17.5248 23.6941 -14.4967 8.00981 -8.77479 3.00422 -16.2271 -17.6243 11.5414 8.96301 -11.8758 -13.0512 -3.84755 4.43122 8.89157 -3.42218 -16.5384 13.8513 17.1544 -0.315241 13.2444 17.9694 -4.48459 11.6885 -16.3973 12.1531 10.9904 12.7415 2.98905 1.68104 -7.60977 19.5265 10.5732 1.61382 
17.2427 9.2137 6.50888 -2.17209 4.08186 2.4786 -5.66045 3.56421 14.4699 -12.1715 6.97026 -24.8606 -3.28539 -5.25041 -5.20305 1.56267 8.13576 5.78434 -4.69657 12.6703 14.5924 -5.40592 4.9006 1.31213 -0.744617 -1.22562 -13.3956 6.53218 12.447 -21.4735 -0.960742 0.10028 0.44072 -3.9505 5.5306 -17.7506 5.72487 -1.03882 -2.35207 1.44075 -4.61692 13.7671 -2.21975 2.46639 -0.571097 -2.02995 -3.91783 1.87724 -3.42424 4.86022 4.31641 12.6155 4.78131 -9.52504 2.58213 -2.07531 5.49634 -2.60432 17.4937 -4.72575 2.16742 -14.3261 -2.62174 -20.3705 
1.9532 7.51208 -1.8688 6.65981 5.88108 -2.44593 -0.802756 -4.92688 -2.46023 6.62796 8.64148 5.69363 7.52593 6.03371 -2.68429 16.1206 9.30561 -2.35795 -1.79166 4.04364 -10.3267 -3.5486 -8.68779 -3.5404 -2.00083 -8.18551 8.15287 -6.86962 -6.48881 -5.24764 -3.90591 6.03529 9.46013 -6.51573 3.69796 11.238 11.9489 12.6869 -5.65526 -1.38855 7.30817 -13.7177 0.633752 -3.1233 6.44813 14.6203 -12.8773 4.15229 11.52 5.06983 -10.8144 4.2434 -4.07528 3.65276 9.16043 -16.871 -1.26034 -7.38978 -3.26432 3.32383 1.57833 -6.08065 0.6447 -8.63406 
-10.0747 -1.10133 10.7856 8.97466 2.16741 3.57426 3.20362 -11.8114 0.577534 -0.171541 6.84083 10.6993 -9.12949 4.49186 4.54741 2.34358 -0.752756 -5.05557 -2.32654 -8.11727 2.1087 -3.23165 9.14342 -3.21275 1.97079 -5.12585 2.27019 -11.2464 -10.3746 19.0979 14.6383 -5.79909 -6.31161 -5.40957 -10.0224 -11.3619 -4.63034 -6.82838 15.7857 -14.4069 7.49018 -3.73083 8.03041 2.61017 -0.384135 -2.19075 -0.507775 3.53457 -1.90768 6.51169 7.42251 0.0774195 13.8239 -3.65137 -1.7859 9.22942 -7.27455 13.0142 -1.98463 -3.80583 6.45582 -1.0441 9.06179 3.11479 
13.6981 2.94692 -7.24066 2.45757 3.54818 -1.58559 13.5475 -8.89613 9.56147 -3.98737 4.09576 3.0247 10.5849 -7.18378 -0.392702 10.3763 3.40729 14.4747 -0.151558 11.5011 -1.04764 -4.51027 0.869103 11.3189 12.7779 2.82989 -10.4635 3.46172 1.91175 -13.9786 -5.30396 -3.67492 -5.41571 -11.0294 -12.4554 -2.11819 5.2089 7.74186 -3.29996 3.85283 -10.3408 -1.31127 -8.53546 6.06209 8.6552 9.37317 -0.814599 -7.15835 15.934 2.79959 3.35786 4.08994 9.76657 9.70847 -1.94453 18.7814 13.711 -8.50028 11.8149 11.698 11.8009 -12.2087 1.20309 -5.46276 
-2.97445 -1.06987 0.482076 9.66441 -8.11925 9.13675 3.50621 -5.35819 -16.4914 5.93071 7.27363 2.33464 -8.04284 -9.76262 -0.495097 -9.52862 -3.30897 2.00809 -4.25699 -11.4382 5.56195 -5.90768 3.22212 -3.74578 -11.6344 1.31506 2.82769 16.5669 1.34388 9.38324 14.481 -3.77658 -4.78152 3.62686 -10.2096 -14.442 1.20453 -9.61007 12.0554 7.16179 -13.4614 7.00002 -2.44594 10.1034 17.4019 -5.5095 -10.4078 5.72568 17.2532 1.82125 2.25941 -11.0309 0.898764 1.14052 -4.03176 9.8159 -2.43531 12.7269 -3.88426 -1.81618 4.06201 6.58017 -2.52335 10.7982 
-6.59703 9.45983 -3.71433 4.511 -4.55252 3.85962 -3.19841 2.15541 13.5282 7.00806 -0.950905 -4.38493 1.42852 -6.28369 -4.97057 -2.0667 17.6675 3.0571 -4.68201 -5.814 -4.95382 -14.3837 -1.01552 -7.59203 12.3707 8.85826 2.37848 3.05205 8.96023 -17.9319 6.34952 10.6768 12.3199 9.78306 -5.02576 -6.75788 -2.763 -2.24397 9.87352 7.6412 0.856119 -0.1482 -3.18216 1.6895 0.940181 -10.6531 -7.37611 -3.43619 -7.28454 3.24871 -4.35395 15.1273 3.49413 3.6579 -8.13142 -7.67598 14.5266 -4.84383 5.68697 -5.61153 -5.26992 -5.70347 -6.62985 -5.25944 
-8.12593 -2.02816 15.2805 16.6482 -0.364178 11.3189 -1.92247 -21.6618 0.775319 -12.0152 0.480129 6.27341 6.7297 0.421482 0.560037 -0.974776 -4.42982 -5.95831 -5.93224 -5.37397 2.35108 -14.8148 1.4707 1.31836 -11.7504 -12.2126 7.30165 8.03547 -3.82506 11.9841 2.63194 -11.3203 -4.53395 -7.35879 2.06759 6.05259 0.641616 1.78434 10.9694 0.700382 -0.426399 -1.51278 7.15669 8.99227 -10.1041 6.86265 1.27266 0.273715 0.435742 4.90921 -12.3486 -11.8468 -0.0754049 7.81506 -12.2762 3.21275 -2.85352 7.80347 6.92154 -4.25951 -12.4918 -13.4555 -17.2863 18.0159 
2.79833 0.114629 -9.01384 0.630265 14.1798 -17.0535 13.2342 1.90716 -0.910058 17.028 -0.314025 9.13535 0.884309 -1.83854 10.6781 8.60054 -0.411363 -13.3442 1.35237 -2.92958 -8.40354 -5.04041 -2.67119 -2.26479 -9.36801 -7.74698 1.37003 7.93292 -0.335076 -10.8941 -2.4405 1.6908 -5.93617 -0.371515 4.52675 -6.91876 6.50902 -2.43273 2.84892 -0.784141 -6.23984 -2.16476 1.50804 -0.771564 2.30948 -6.07066 -13.2405 -13.1511 5.98355 -1.81881 -15.8038 1.40755 -2.90155 -5.04835 -4.91721 3.56363 2.41905 3.54947 -8.34646 -13.265 -2.40856 -2.21964 -7.35402 6.55736 
7.66128 -4.8277 4.06877 -3.45681 -15.5574 4.04718 -3.13616 -0.069981 1.71743 4.8859 -2.07414 -0.915473 6.6365 -2.51063 -4.665 -1.88517 2.33941 -0.00861037 -4.93596 -13.3577 -2.11066 -0.327255 5.18727 6.40797 -3.45784 9.38214 2.31883 -15.1608 -8.96729 0.487136 0.256414 -2.39897 -0.91608 4.0369 3.38832 -4.17964 -0.688899 -5.03687 1.04001 8.28387 -5.5387 -0.584645 6.70216 6.18867 2.52618 9.74618 4.45788 4.70277 -1.1228 -6.10651 2.80508 6.30897 -5.02323 15.6852 -3.22061 1.21104 13.1156 10.2182 -0.654344 10.2377 8.30235 10.5716 21.4966 -3.81157 
3.3797 7.22108 7.29426 15.7522 4.3295 -1.68695 -9.63722 -8.92181 -19.3921 -14.2754 1.16675 11.3037 -2.33783 5.57052 5.11366 -3.51532 8.2251 7.29405 -3.83575 -16.5425 -0.227147 -9.83083 -3.6954 -9.36751 -3.17401 -16.8689 -8.04633 -6.87003 2.02548 3.83169 3.08008 -13.7127 20.5833 -9.15055 1.79621 9.83741 1.3938 8.66767 6.88331 -3.73972 4.5846 8.9388 5.13153 -10.423 0.400921 -0.334351 -0.300017 -7.16596 5.16682 -12.0154 -0.0262553 2.50197 -1.8223 2.85801 -5.86817 -2.71697 -9.20583 0.587164 -2.38706 -25.3862 -4.35026 7.85647 -2.73416 -9.73152 
-19.0164 -3.04536 -3.31182 -12.5187 4.98401 -7.78841 -15.4355 7.42194 4.32899 -1.10823 4.27483 -11.7779 -12.2559 -2.93883 -5.8472 0.264026 0.320449 -6.3681 -1.57699 2.18406 3.455 -14.1306 6.44901 12.4958 -0.0435323 13.7288 -3.57953 -11.874 3.5533 -5.13105 9.14965 12.1061 5.20885 6.58187 1.04535 -26.4298 -4.45789 6.51207 -17.2285 13.0438 -8.18182 4.45906 -9.19602 4.33532 1.84746 -13.0065 1.65103 -16.6777 -6.18397 -10.5885 22.068 14.4855 -11.6129 15.9335 -6.80003 -1.42173 26.4765 6.40053 2.85998 5.19175 3.62693 4.44402 22.0689 -4.7404 
-5.64912 9.51294 -1.52927 -2.64074 11.0735 1.51649 16.4904 10.6813 -10.6655 14.3415 3.01001 -5.45463 13.7153 -8.84186 -0.634147 8.86757 15.8494 6.93835 -2.09873 -0.0339631 16.2062 -13.1993 -7.85544 -4.53112 2.82846 8.59021 5.31618 1.90578 15.143 -3.54213 4.44937 5.47252 12.5171 4.66542 -19.0508 -7.61138 -8.42321 6.49739 20.5863 5.80818 -8.36673 -11.5411 -9.19277 9.20772 5.36859 17.0472 -1.18165 0.509592 9.81042 5.71066 7.27809 20.495 -0.959535 -0.99609 0.844466 8.60095 7.32567 -4.57891 -5.98215 -5.60786 -0.065195 2.8288 -5.69008 4.88946 
-9.22922 9.19903 -0.568936 5.94005 -7.16193 0.298185 -6.24411 2.22434 6.86325 -2.95536 -8.64777 -6.77721 3.43896 -2.37292 -2.96018 -0.0960298 3.65971 -11.8095 3.1356 9.04758 1.0321 -12.5645 1.25964 4.03074 -12.8958 5.09596 14.1443 -3.3942 -7.2233 -3.89338 -12.134 -2.98824 4.37238 -1.6116 4.29669 4.61071 0.17083 1.15853 2.52787 5.25484 -0.823473 -7.63721 -0.260482 -5.81599 3.82428 5.44813 10.3436 6.49172 1.97931 -1.07177 2.33981 -6.61065 3.29759 -10.8987 -1.98986 -11.1702 -1.41056 -3.4959 4.12597 -1.77413 3.62061 1.81055 -0.0824817 1.84266 
2.62771 1.21298 -0.0216166 -2.79256 0.821784 -8.45675 3.37711 15.494 19.6774 3.68179 -0.350957 -13.9642 5.54752 1.80052 -0.799518 -1.19132 -0.201759 -2.5799 12.4348 0.736427 10.3502 -0.111425 -2.3053 -8.35411 -2.78714 -4.49731 1.88304 0.440196 -0.847837 -11.3976 -5.40518 -6.27053 10.8132 2.15886 1.54672 16.8302 -11.6433 4.84718 -15.1942 -2.97322 -4.82576 -5.30713 1.41513 -15.2445 -10.2901 20.0036 2.9782 -4.66735 -3.41086 -1.10402 5.91068 8.71275 7.43699 -0.261684 3.83874 -6.78904 -7.41522 -1.41253 21.1927 7.00979 -7.11669 -10.2083 -3.88889 -1.94518 
13.3489 -16.5012 -21.8416 1.91366 5.9076 -12.8003 -1.54262 11.7585 2.07213 -12.6255 4.30064 -12.1975 2.65513 -4.75145 -6.4134 -8.04034 -1.29459 9.41675 2.71847 4.74391 5.69095 -3.01706 -5.78229 -10.7644 -23.2018 -0.806269 -17.7563 -9.67894 15.9425 -7.23331 -6.48007 5.06403 -0.707228 -4.60094 2.1749 6.72045 -6.08032 3.73428 -2.48328 14.5132 -15.2283 9.02351 -6.91835 8.50387 1.76418 -16.5044 -0.139318 7.29679 -3.16675 1.04367 -3.99389 15.729 -2.03299 9.42484 0.572207 -0.760066 10.5561 -1.62072 7.20386 -7.49002 -2.36232 -7.36012 12.8195 -6.61739 
8.72279 -15.5539 3.04975 -6.43635 10.4172 6.3167 0.921726 -0.976197 3.72766 6.25785 1.36852 -7.19683 3.20555 -21.308 0.719923 -3.96641 -15.3684 -8.59314 -1.50351 3.87954 -3.5514 8.02434 1.16926 -16.3039 -11.6972 1.16881 6.24813 12.608 -2.85575 3.06212 16.4167 -2.25798 -12.1728 10.9249 -7.94764 -9.13751 -11.6104 2.49113 -5.72799 9.74926 -7.91005 4.15972 -3.21573 -3.53136 -3.5045 13.5437 -12.4832 7.35493 10.6531 -2.58858 10.5192 1.31604 4.4689 -7.54664 -0.404492 4.67445 -5.86741 5.99343 -0.51081 9.68232 3.66953 0.638559 8.60054 -2.49555 
-7.39958 1.25704 9.29448 -0.279229 4.14099 4.41619 -3.56258 1.91747 13.94 5.43887 -5.41638 11.0396 3.06872 -1.16317 -0.381797 -4.43337 -4.13287 13.8234 7.78455 1.96886 -4.58235 -9.33467 7.01143 -3.37233 11.8579 14.7499 0.739173 9.90399 -9.68771 4.08944 -0.910742 -12.5945 -10.2832 3.83808 -9.02678 -3.56984 -5.49708 2.89558 5.5854 5.31527 3.21407 -4.13799 3.0686 -0.47251 -13.1995 13.0357 2.13566 -16.2021 6.5181 -8.95482 1.3895 3.63283 6.28595 0.641842 -11.1923 2.35809 4.51911 9.62628 3.2888 10.2411 9.04395 -2.38231 2.22111 -0.584674 
10.3289 15.6508 -3.79335 -1.83173 -5.54364 -4.71182 -7.56854 1.70206 9.93659 -2.36146 -0.133632 -1.51206 2.34856 -15.2774 0.142877 2.3112 6.55785 7.12315 -3.40148 -1.33873 -3.30162 2.90295 4.83832 -6.69681 -12.3499 0.56896 -9.4075 0.32358 -10.5421 -13.305 2.47304 -5.5988 1.04272 -5.32818 8.37309 -3.49569 10.3841 -2.13817 -7.45921 -3.31451 1.23407 -1.28255 -4.30044 2.66428 1.23436 7.96867 11.0167 4.29625 -10.4385 -3.54195 2.3972 5.47307 -3.67494 -2.36981 5.78115 4.8905 -8.33856 -14.9413 -4.56475 -11.1655 -2.09267 -2.58506 -3.60396 -7.92032 
-16.8173 17.8787 -14.218 -5.55301 -6.39099 4.43212 0.933439 3.36844 -3.0228 8.83169 5.95282 -6.98749 -0.33467 4.74422 -8.42438 -6.63666 7.05964 12.3309 2.60503 -2.22962 23.8912 -13.2171 -5.54682 5.65714 -17.782 -9.19913 4.74186 6.49271 2.14354 0.435001 -11.703 24.8381 4.95079 11.4326 -10.8676 -0.414281 -10.3613 3.02398 6.45324 14.4966 -1.8602 -0.780818 -1.42649 9.60617 1.66228 -4.37736 1.89354 -0.0898076 -3.5464 7.5233 4.1836 5.42404 1.78517 -0.419989 3.9183 13.2882 1.78621 -8.62205 2.32707 -13.7323 1.10211 -4.17208 -7.09245 0.731653 
-3.0626 3.15905 12.9144 -10.9078 -6.21689 4.74015 -13.437 -3.94703 0.00836249 5.21229 -4.84735 -5.49635 6.54875 1.19509 -4.49594 1.06432 12.0801 -0.0817278 -2.02205 -3.88723 -15.3376 1.29653 2.92673 -6.92461 3.11842 12.9818 4.32076 1.9454 -8.24234 3.40082 13.4789 -2.9924 -13.0164 11.1578 -3.46317 -12.0605 -0.949354 0.203911 8.67465 2.79359 5.69048 15.3591 0.465055 0.614496 -18.4953 -4.02062 -10.4429 -9.52938 15.5688 -16.7716 0.867744 -10.4118 -2.95214 -9.16384 3.19004 -8.83628 -0.894228 -0.616798 -1.91602 -3.9717 -2.74521 2.66296 3.21521 -12.2363 
-15.5371 6.07186 4.28305 4.58481 -9.78722 4.54438 -3.0019 4.75059 -17.0568 9.81357 8.20586 -21.7897 5.77443 5.54198 -9.12589 0.7802 -3.01594 -10.5541 0.264621 -7.51534 5.28495 -4.44496 -5.71047 3.99833 4.36562 5.73637 11.6717 7.19838 -4.08343 4.27723 -1.88232 -1.19854 6.76711 21.1143 6.04423 -3.08471 8.26783 -1.16234 -6.34547 -1.20918 -2.82436 0.0311527 -1.58904 3.18616 12.3496 -4.83688 1.04339 -0.654561 -3.88074 -4.05813 -2.66903 -16.5602 0.0854887 16.5791 3.97678 -14.3274 -1.9691 -9.18986 2.60821 6.73102 -4.81157 15.6748 1.1675 -5.72839 
-10.9837 0.607187 -10.1366 -1.21159 4.95956 -0.523448 -7.62643 6.83626 0.91177 -0.369807 -7.18487 -3.50034 6.89693 2.42011 -3.25285 -0.734855 10.2289 12.3014 -0.378933 -4.21444 -7.1499 -5.85543 -14.8121 4.96024 -6.65612 9.36421 -2.44252 7.58123 -7.34322 1.45428 -4.86919 -6.50139 -18.0349 1.07549 -0.784207 -13.0645 3.85523 4.23182 5.00315 7.31117 -4.12131 -0.6864 -6.15068 -0.284086 -11.4873 -7.42597 9.13226 -11.496 14.2518 -9.64199 6.54528 2.10812 -6.33473 -15.4538 8.96777 8.18477 -0.513587 -10.4134 -9.92236 -10.3399 -0.329174 5.57019 -2.75952 -2.22819 
19.0595 4.43487 10.9483 -1.91667 5.06658 -2.66621 11.1 -5.81125 -6.04228 -5.37748 -2.21879 0.394793 13.0498 14.4312 2.98471 7.17931 7.08197 4.53345 4.43465 -0.754408 -3.66217 -1.18619 0.536962 -3.80804 0.682196 -2.43284 -7.74883 9.36357 -3.34886 -0.0607805 1.49881 -21.7614 -12.247 -4.92548 -6.45656 0.0209833 3.23928 -5.60466 1.01227 -16.1537 10.9908 2.62051 5.86047 -6.3592 -4.5198 -7.77871 -8.85261 2.85073 -0.777936 0.598354 -7.5102 -22.9425 20.1669 -5.69284 4.55868 -2.69546 -13.4176 -1.3434 8.28679 -1.67003 -7.73811 5.13618 -3.58472 4.04576 
2.80388 8.36341 -17.9172 5.19058 -10.6977 -0.92583 -11.9494 -3.25062 14.4593 1.72336 4.33081 6.09503 3.09153 4.2172 -7.53729 -3.73958 1.98755 -0.785731 7.46582 -0.472527 -12.2 3.46764 -1.74416 -7.37473 4.9129 1.2052 -1.8306 -0.352973 0.468775 -7.40306 -9.2957 -4.78115 1.88531 0.139358 9.11522 5.51698 6.02976 7.85652 2.38484 2.77655 -4.23936 -16.0946 6.0022 -2.01682 3.18405 -0.685058 5.20917 -12.4058 -1.21289 1.32584 1.45428 -13.3801 -3.76637 6.96306 4.04377 -2.35646 5.89428 -15.5189 -0.593744 0.346307 -9.18757 4.61801 2.33502 -2.0049 
-3.28136 -23.6223 -2.21025 -7.25325 1.2553 1.29183 -1.47612 2.83493 -2.62621 5.09271 -2.11763 -6.65097 -6.2165 2.413 4.03199 -8.03565 -13.6958 -8.15251 -3.65673 -6.74463 -4.21546 6.15738 -4.69352 -0.0136833 -0.327995 0.703339 -2.17756 -4.14406 -8.08884 8.96558 8.91916 -3.16909 -5.86666 4.47146 14.2807 -5.60708 -10.9154 -3.88904 -10.3148 -1.19567 -9.54812 -3.6728 4.11489 -0.829465 -9.3921 8.81271 3.95137 14.4549 18.7434 -9.22401 10.4426 -0.795569 -8.2418 3.09868 -0.351309 3.02439 0.120243 11.2996 -12.706 15.2592 -7.99938 13.2749 10.1479 2.48241 
1.80786 1.69592 -4.70662 0.334148 6.7539 8.30267 2.80615 7.39898 3.20594 11.0373 -0.526986 -3.67441 3.45412 -4.9573 7.13963 -1.30714 1.00728 -0.589496 8.09837 2.9 12.4359 5.60977 6.54222 0.997893 -14.6669 -5.59399 -9.22107 5.74364 1.73162 9.62708 20.3004 16.8784 1.20441 -3.00847 -5.66129 -8.11463 -9.44253 -2.15027 11.3 10.2037 -0.370561 8.7127 0.436842 8.49158 -16.5678 -1.21663 -7.70548 8.03669 -10.7906 -8.0873 5.65477 28.602 -1.91495 2.14682 12.2704 0.122396 5.91842 -3.78573 -7.53251 -4.36474 -4.36527 -8.96062 13.4315 5.20439 
0.487909 -7.56852 -1.37416 -4.33995 7.20568 6.53223 16.9005 -0.758385 8.49998 9.22272 -0.18139 1.02454 11.7414 -12.4086 -10.4936 0.642478 -0.237497 -3.13039 -2.36957 11.7666 6.58776 8.35523 -10.5329 13.8401 1.26582 4.29554 -4.85438 -1.38964 2.42531 -0.090425 9.06482 4.32677 -4.4318 -15.8373 -8.03025 7.19863 -4.36366 7.56708 -1.85154 -10.5167 -2.11444 1.56929 -4.93653 -0.901023 -4.95747 8.80678 1.02432 7.44407 -4.00537 -1.47181 -2.31898 12.6246 -6.50627 -5.21599 3.3893 -5.38662 7.7561 2.97373 3.01666 -3.23018 -7.71817 0.808628 2.69138 4.65414 
0.00703604 -10.1072 1.29527 15.5867 1.38058 -4.14506 -17.5165 -0.630616 -7.13665 -3.24921 1.78996 -12.9309 -20.6651 -0.324622 -8.7854 7.47498 0.585667 11.5647 1.42436 -6.50009 -0.368685 -5.18308 -15.5669 -3.49674 14.7726 5.6835 -9.94342 -8.72696 6.99387 3.63363 -3.403 -9.12807 8.39838 -1.74668 0.901924 -5.42378 3.59258 9.61516 -2.82005 -6.77648 -2.16407 11.7914 11.4489 -11.0953 3.49241 10.2438 3.09488 4.26422 7.18054 -8.69333 -4.07564 2.86625 -7.97143 0.465969 -12.4411 0.797809 2.19904 -0.591475 10.1091 -23.6415 1.13194 -5.99365 -5.3587 5.02721 
17.2232 -0.242894 -2.34835 -2.48934 -5.75439 6.80592 8.52749 -26.7637 6.74128 -2.90777 0.375374 6.21158 10.9395 8.46212 8.19457 1.71465 9.58976 -12.8915 12.0141 8.60947 1.71067 5.92004 8.1118 2.56911 -3.03855 -6.808 -4.12686 -3.89381 -5.34678 -15.729 -10.5181 -8.14704 0.0233843 0.202159 14.713 2.2815 5.80131 8.49784 4.12416 -0.734069 3.49236 3.1035 10.8184 5.81269 -14.0691 -2.16613 -3.75274 -2.37177 -4.12527 -6.34379 8.56738 -10.6737 4.49067 4.65086 -1.61807 -1.81136 10.6164 -12.8549 0.578836 0.851092 -0.85444 -4.19339 -6.90852 -5.96075 
-11.0301 -1.53042 6.26666 -4.52906 6.25572 0.554167 -0.514627 6.91479 -6.64702 -2.21168 7.8375 4.18822 -8.31327 14.8778 5.30291 6.75397 10.917 -3.86821 -3.64262 -24.8654 -14.9233 0.428859 -5.28364 4.48579 11.8609 5.66295 7.50774 -7.32667 -13.2318 11.7853 -2.29389 -3.54301 -0.944045 -1.26893 -0.321408 -11.0087 -1.54987 -3.18753 8.4602 -0.160956 -3.1975 -10.7961 15.4924 -5.19874 3.18231 16.2193 8.54269 -16.4538 7.7193 5.5446 9.28669 -7.76122 -5.19312 -12.3271 7.23458 -4.77752 5.07116 6.30117 -15.8015 -10.3724 -2.86453 9.78561 -2.68533 15.3074 
-3.0888 7.7921 -19.7758 7.53596 0.301376 -3.2988 0.893309 -15.6223 5.5214 -0.967377 -5.50514 -9.79975 -3.25144 6.6151 -3.38119 1.14514 3.39501 16.9128 7.53979 1.83903 -5.37767 7.14849 -8.72194 4.32397 -10.12 3.97078 12.6967 2.24681 1.22846 -4.14675 7.90371 6.29245 -3.39748 -0.484889 -3.97794 7.22153 10.6307 3.09821 -4.05249 1.39859 12.3476 -2.45708 0.829117 -0.185617 -3.07571 -9.79179 -4.81763 13.1914 16.5305 5.51089 4.46522 5.60417 3.61773 -6.6413 6.21804 -4.15667 7.51499 -10.6597 -0.936207 4.97991 -4.89441 -5.06551 7.26196 -7.29897 
9.00732 7.6946 -0.807901 3.55757 -3.01992 -5.23536 -1.80589 7.96025 3.99135 -9.34215 -6.22126 -2.75712 0.542635 -2.912 -0.0540506 -9.56265 -5.2046 -4.65405 1.2918 6.17832 8.02942 -4.21724 8.44937 -4.38132 4.10038 -0.465182 -6.01631 -4.44593 19.4265 -3.41445 -4.02961 6.81279 4.02854 -5.79284 -7.52134 12.9857 -10.6816 2.00035 2.44805 -8.10849 2.93405 -6.13654 -11.124 -4.68033 -3.51665 -0.426788 15.1331 2.01768 -20.0838 16.4444 -4.51546 2.2704 9.85468 15.0783 -5.35539 11.2 2.258 -10.4062 8.82019 1.35344 2.50619 -0.719369 0.410325 -4.78545 
11.8118 -5.26463 2.57058 7.2981 2.44782 2.20211 2.26599 1.38545 13.1527 -5.64014 -3.76544 6.60187 3.55009 -4.53328 6.28487 -10.5465 -2.57376 3.06593 -22.0917 0.490489 -5.41242 7.24922 7.81038 -9.34682 -13.9293 -11.8668 -5.21059 11.5033 -8.56323 -4.62856 -1.62954 -6.65549 -3.21391 4.21417 10.0246 -0.487092 -1.69431 10.0315 5.54533 3.51199 7.77446 1.05951 -7.70815 -2.30859 -5.4745 2.71185 -1.61615 -12.8558 -8.35809 5.90393 2.20233 -5.09174 4.46977 -19.3637 -8.70693 15.9514 -10.4196 -1.19694 -7.62973 -13.942 3.87426 12.499 -13.7156 -6.87532 
-25.4742 1.18576 -3.58602 -11.0792 -7.87506 -1.03577 -5.44497 8.36391 1.66385 -14.5525 -5.56204 -0.709317 0.732802 2.98402 4.05869 -17.1182 -3.62655 1.15218 -0.399387 0.614165 6.54764 -5.14022 8.9392 8.97663 10.2683 3.4488 6.83951 -6.7547 6.32582 -1.58129 -14.1065 9.95424 15.9438 7.44084 9.82589 2.20052 -11.5881 0.300226 -19.9507 8.30194 1.16159 -10.6861 -9.65101 -2.22788 4.24677 0.335145 14.6383 -13.5705 -8.45024 -2.79098 1.814 -8.70242 -3.95984 10.4938 -9.66327 1.71284 9.09499 -7.63194 -1.52124 13.8368 -2.11928 8.99519 -10.3063 2.14595 
-18.2195 -2.38047 -14.7023 -2.69675 -2.78318 -6.87148 -8.83539 -9.1046 -12.1264 -4.10084 -4.17266 0.816639 2.00012 0.833813 1.38007 9.62385 -1.14128 0.768436 -4.18719 7.34427 4.1023 0.999895 7.1698 5.86718 -7.55553 -7.92747 14.1629 -1.27348 -12.516 -1.61057 1.77581 16.2889 -5.32813 13.788 -5.50204 0.951056 -9.28872 1.31884 -1.39153 6.881 0.932615 3.10976 5.00153 -2.69176 -7.92327 9.7325 -8.13894 4.20627 14.5409 -8.2034 2.51778 14.4112 -8.94742 -0.267253 0.597122 13.3672 4.66154 -7.92551 -16.7318 -11.9367 13.8004 4.71388 4.46359 -12.7655 
-10.1126 -3.00453 4.66487 0.704489 10.2127 6.34835 -7.13865 -18.7099 -20.156 -4.40409 -9.1278 7.53582 10.6948 18.6112 5.27039 -7.36122 -7.83745 0.0690114 -16.5673 5.65409 -3.26456 -12.1992 -0.83017 -0.801097 0.396121 -7.69911 8.00012 7.55547 -0.00214089 20.2773 4.64083 -10.9922 -2.70376 -5.96013 -7.18353 -5.66711 -1.31581 -7.10814 -0.193284 0.748788 2.405 7.49579 -6.53679 -7.9448 -9.43413 5.19797 -6.74319 0.401152 19.1103 -3.48119 -6.57611 -8.36409 10.3505 -7.34983 6.46243 15.4328 -5.31792 4.92449 1.32025 0.700815 -4.32981 11.4546 -2.95773 -6.96898 
8.16304 -8.6816 -5.63605 6.77603 -3.13494 6.00932 -16.8678 -11.0493 0.765261 -6.98065 5.74449 -13.5536 -0.127993 -3.44138 -0.723705 11.9641 -9.38927 -1.82835 -4.44923 12.9396 -3.76394 -8.4023 -2.63614 -12.1732 7.84063 -1.69337 -11.6496 10.6178 9.99853 -6.20615 -3.27852 -3.06521 -3.46602 -7.60059 1.75009 4.32006 -1.59366 1.83414 -1.85 0.770455 -8.27969 -6.21986 -3.72999 11.3209 0.768562 -14.9318 -14.5424 5.98081 17.6569 4.39323 -3.91955 -21.7508 17.2886 -4.63829 4.99492 4.07942 1.24656 -1.22604 5.60943 -2.33085 -8.34038 0.999062 -4.06801 5.30145 
3.10488 -1.66705 4.1072 -8.04613 -7.01956 7.66621 -1.53161 -7.35478 12.1759 7.71057 -10.1862 -2.21333 -7.36529 3.34564 7.69205 -16.6213 -1.35435 -4.21973 3.62279 -9.56692 3.06456 -10.9054 1.92351 -12.6218 9.96265 -8.62878 -16.339 6.25882 -2.89536 -7.18839 -2.18388 -1.93549 0.0671358 -1.09452 -0.201388 -7.93896 -6.76598 -2.74769 -9.93376 -1.92752 2.5938 3.79348 -10.2199 -8.55981 -10.7438 7.55843 -0.206392 -0.866067 3.66596 -12.9525 -3.8018 4.86571 -1.18856 8.30829 -1.10566 -1.16585 13.7989 0.930348 -2.7533 5.70936 -4.87592 -7.89449 0.0295649 -6.32637 
0.404075 3.06523 1.11557 14.7577 -1.29943 -0.620979 17.3184 -7.79928 -6.95979 5.92557 1.67334 -0.946261 -2.58102 0.364379 9.81348 5.61837 11.9707 5.38145 1.7976 -1.35982 2.26372 -0.971803 -4.38162 8.63862 0.127289 4.55684 8.9553 -3.83435 4.7847 -1.55898 1.69822 -11.4088 0.148523 -5.17938 -0.938286 1.70668 8.5595 12.6362 5.37864 -15.6439 4.9892 5.66062 -7.95117 9.69777 11.7479 -6.03815 6.3418 8.738 8.09183 11.4688 -3.49014 -5.26895 4.92363 8.01169 0.367563 4.33564 1.59423 -5.13614 -3.86739 -4.81263 -7.7443 -2.25969 -2.83939 1.27518 
-17.6796 10.2485 -16.9947 -5.21192 -4.81765 -0.29601 4.50524 -0.129009 -2.36311 27.1471 2.74936 8.20712 9.47254 -0.646734 1.04272 -8.56329 1.7085 -15.1993 11.7311 -0.345516 -7.85155 4.37677 4.61415 -1.86352 -3.87354 3.99214 -7.93461 2.84723 -3.28165 7.57195 -2.92351 1.70898 -4.34425 0.387698 9.04164 -3.75674 -1.19504 -7.65826 7.47663 5.72602 -4.38374 -17.7713 -4.57128 7.93724 -4.92193 -7.83666 -12.705 4.39628 10.7551 -6.02827 -4.81493 -4.99907 -5.40502 7.83453 11.9918 11.0251 20.0267 -16.4066 -10.3209 8.17149 -12.3168 6.43713 3.13369 13.1622 
6.43696 8.83006 1.02892 9.72702 5.91006 -15.7051 24.5958 0.993443 -3.3431 12.2429 1.33341 18.6355 -2.85638 14.8782 17.8951 10.5744 4.80654 -10.5253 1.91708 -3.8635 -15.0048 4.28195 5.95301 15.3949 4.34514 -2.53688 17.1838 -13.1141 -5.07893 -0.860742 -0.436864 -2.74049 -7.96308 -5.28121 1.71697 -2.93776 7.49329 -6.83296 4.77519 -24.0684 -0.780904 -17.4814 3.1178 -5.2555 5.51729 9.17939 -8.29266 0.523403 6.88544 22.0954 6.18104 2.00808 -0.612536 -4.69003 7.51824 7.23493 -5.42182 -0.454569 -18.4895 4.14112 2.10006 2.47703 6.28047 -0.905576 
0.506309 9.53947 11.0313 0.638455 10.686 7.84009 10.792 1.15595 -12.7752 5.149 -4.82128 4.5722 -0.932777 -4.27063 5.47093 -5.11852 1.96849 3.73672 -7.11857 1.61839 1.74658 2.54172 -2.04764 -14.881 -6.97824 -5.26299 3.18846 7.76722 5.42383 -2.14422 3.21132 9.08649 -3.40943 -7.16434 -11.1108 1.43807 -7.23619 -10.2399 15.7619 13.0036 4.68893 -6.72133 -9.27149 2.10435 12.6986 7.98799 -2.10969 9.05812 1.56036 4.71949 1.13326 1.54645 1.91516 -10.6356 2.52334 -4.77933 -4.88487 8.27349 2.08351 5.36983 7.46288 1.83444 -6.12442 -13.3194 
-3.26169 -6.27662 -11.8931 4.34346 -10.4077 -19.2406 8.78718 9.7774 -16.8184 3.25352 -18.3111 -10.9432 0.494259 -1.10426 8.1952 -4.55802 -0.863928 -13.957 -10.8516 -8.10215 -0.923812 5.67983 3.23004 -6.80971 1.31022 9.81916 -0.86893 17.5891 20.4495 -5.18196 -4.62795 8.28231 5.87631 -6.08311 -6.65008 -4.85764 -22.0914 -16.885 -3.63159 8.8408 -26.0061 -15.5836 -23.0767 -4.86052 5.01201 6.67615 -0.262321 -1.66609 1.06071 5.03702 0.482907 0.3875 0.272681 -3.40682 8.44638 3.91932 0.102856 -7.64767 1.54528 8.8318 -8.2601 17.0334 -10.7484 8.52747 
-9.55007 10.7527 -19.1959 0.424955 2.72513 -10.221 -3.86864 -1.74056 -9.04571 -2.78036 -8.14433 8.69371 -5.14997 8.30215 4.1523 -2.9156 -6.19362 4.9418 6.81033 1.30277 -6.4308 -6.24634 3.03283 7.77261 0.841594 -8.82348 14.535 -6.40358 -5.32942 5.80096 -14.588 11.9289 -2.96656 -8.26499 7.29489 4.31284 -4.15984 -7.88 2.93934 4.92051 -3.98903 -7.1076 4.22601 -10.4533 -1.37751 16.3695 -2.80106 4.56602 16.6189 9.60238 7.04412 5.45383 -10.7604 -2.91884 -3.92739 1.13705 2.5914 -8.64993 -7.40366 -10.3188 -2.2065 -6.1258 6.32083 2.8406 
-6.8922 1.94713 -0.742591 0.226125 -11.1455 0.0805984 -5.08333 -6.80581 -7.06147 -0.61849 1.07926 15.5791 2.42052 1.22972 -2.99843 1.42827 6.5252 9.34228 1.74103 -7.77328 3.17436 2.38144 3.43552 9.81211 15.3794 -6.5296 2.86171 1.95195 -1.65726 3.50569 -0.270187 0.877157 -2.92305 -2.6117 -7.63962 14.2513 -5.67365 -4.10225 11.8051 -6.51588 3.0591 4.95939 -0.448598 -4.98034 7.20963 -6.90182 3.55103 2.9007 -0.184054 -4.23543 -0.52331 1.56092 -0.356646 6.93415 -2.23162 3.41153 4.08273 -0.173269 -1.11739 -6.76386 1.26032 3.51645 -3.38853 -0.423453 
-16.0016 -2.23999 -4.69182 4.40781 -3.35916 5.51547 -10.5207 3.3565 2.33036 -4.07803 1.65303 -22.3731 2.91269 -9.64517 -9.57691 0.525999 7.17324 -14.6383 4.7264 12.455 9.21678 -2.34018 -0.623618 -0.0554994 3.9863 7.06605 -5.3135 6.14099 2.83207 6.31668 -10.8067 -4.5205 -2.48228 3.79268 2.35495 -14.902 4.78914 6.38487 -0.289641 5.42668 -2.98744 4.17844 1.15507 6.35262 3.46451 -13.3789 10.9888 7.32579 -11.9327 -0.940218 0.376696 -9.81783 -2.50715 8.23174 2.35547 0.387576 12.7757 2.40477 14.4947 -3.62737 -3.21966 9.84333 -7.04656 19.0247 
-3.41752 6.89966 5.97548 -9.16386 1.3018 8.97374 6.63522 6.5125 -4.19517 2.97742 6.64541 12.8844 0.748339 2.76213 -2.79384 6.35098 14.965 7.91423 -2.9535 -7.7012 4.54582 -6.63271 -9.1514 -9.5149 14.1781 6.06329 -4.03469 -3.53791 9.08183 -4.03822 -9.84259 4.66873 13.0652 -7.29416 -3.68581 3.76974 4.31415 5.99654 1.74294 11.4733 3.57494 -4.68856 0.148108 -1.38928 19.6915 0.364048 2.50154 3.14466 2.79747 -4.34241 3.02007 5.5292 8.49008 -6.0113 -1.11852 4.08722 3.71469 -4.59356 2.08161 3.53301 15.6568 -4.50632 -14.0551 -3.22904 
14.3917 -1.64947 8.38888 9.07468 -2.14261 -0.437681 6.90141 0.0928495 -2.35489 -3.10734 -2.03848 -15.632 0.242728 16.4181 -6.05883 1.68694 10.7941 -2.10903 -6.9939 -6.7471 9.69008 5.7088 -3.89045 -6.53431 -5.21217 3.31925 -6.07265 5.5124 4.16597 -3.18339 11.0428 8.21781 9.46296 -11.3853 -14.2798 1.25886 10.4118 -4.89925 -3.40179 -3.15437 13.3791 11.1099 -9.18604 -2.33165 1.34313 -2.09193 -6.63193 -11.6889 -9.93918 -4.33219 -13.8409 6.17658 16.1483 1.36344 15.1192 -11.7506 -6.7595 3.57905 5.51532 8.84195 8.81846 0.647127 -8.69703 -9.43018 
-4.10882 2.25402 -2.40341 -3.26179 11.6577 -0.820998 -9.66532 -1.44485 -7.65452 2.38548 3.68029 14.7383 -6.24461 12.0708 6.72472 3.37087 3.04503 -4.3705 4.59214 10.7755 -0.341211 7.9544 2.54935 -3.50787 -18.6691 -13.9106 5.78971 -0.480445 -5.65535 1.94659 -1.69962 -5.50265 -1.2163 1.5171 2.15754 -7.4327 5.47819 3.05906 13.0086 3.58525 7.32233 10.4016 7.03948 -10.3028 -8.82958 2.97867 -6.85723 -1.67379 11.3322 -1.3829 1.00766 -7.43312 -9.29591 -17.8546 2.31035 10.8513 5.29851 -3.10884 -18.1843 -17.5914 2.08494 -3.61431 -9.47872 0.492365 
11.999 -2.0169 2.24506 2.43857 -5.25633 9.79168 -10.0384 11.9371 -0.652203 -20.9764 3.10309 -15.9668 0.584086 -17.988 0.0728528 -4.69859 -0.00127711 13.4617 -2.29936 -2.70222 14.8965 -17.3798 -7.12271 -0.298793 7.77796 -3.54951 -9.54033 0.278452 14.4627 -9.00082 -0.261052 7.16463 25.7435 13.5564 -5.38233 9.97531 -17.7945 10.9132 -0.746321 4.74977 -7.28606 7.16268 -5.14556 10.9834 5.14098 6.74794 8.78267 1.57236 3.14789 7.20267 0.279626 12.4619 7.53262 6.63349 -1.31704 -0.174801 -4.14478 -4.26642 0.805897 -14.4169 -1.05758 -5.39599 -1.89641 -9.00125 
-0.589069 4.31949 12.1796 -7.81195 3.84811 7.2943 0.536226 -0.499702 -8.56434 6.72875 -8.55149 5.65725 1.91749 15.8049 8.07686 6.015 4.49725 1.66343 -3.09357 -0.317784 -0.737023 1.77331 -6.51999 -6.65085 1.76594 -6.93774 -2.2048 -7.86779 -4.16626 2.8457 -3.11788 -10.3241 3.40355 1.65417 -4.37574 3.50653 -1.86918 7.13464 2.94457 -10.2743 15.7779 6.66092 -0.839906 -11.6762 -6.88843 7.29452 11.8715 -3.09967 -7.19834 -6.1802 -1.02143 -3.38865 2.2388 -17.5011 13.0648 -3.36908 -13.7939 -4.6456 -13.8443 -9.01904 5.08367 2.89248 -6.00732 -9.98988 
3.7039 -0.903368 13.9801 -12.5095 9.13463 -16.1108 -0.148025 -0.270954 12.3893 0.914015 -7.82515 14.9097 -5.99783 -4.88279 1.5609 10.7906 3.03218 8.47122 -1.14636 -1.16112 -3.9583 0.49245 13.0861 -10.8319 -3.92425 -8.32538 -3.5405 4.76989 4.27782 -16.4535 4.46181 4.49038 -14.1887 -11.9707 -2.67113 4.70453 4.17021 -3.7811 14.9084 10.1161 7.47456 -0.655684 7.80081 -12.228 -5.62037 -5.67157 1.12436 -2.69234 -10.8342 -3.32399 -0.790321 1.66024 -3.44087 -13.2491 -21.8876 -1.34494 -8.66305 17.9807 -1.32866 2.91778 10.6661 3.89426 -8.01734 3.12 
6.55559 -17.3753 -2.95959 -4.68204 10.9316 -14.6282 -5.56284 -3.48364 10.6111 -0.661996 -8.61773 -10.7997 -18.7328 3.71134 1.26434 1.59958 -7.55443 3.41624 11.7358 9.93777 6.45136 -5.16014 13.3526 -1.58882 0.93765 9.13456 -12.7606 10.549 2.64128 -21.6208 -5.65855 1.69694 2.99774 -6.78946 -5.43718 -6.94888 -10.9004 -1.89704 -6.07184 -0.339796 8.87585 -3.22198 -16.9936 -2.37211 -5.59462 1.70998 0.840788 2.91785 -0.878692 0.485351 13.4942 6.75541 8.86086 -10.0703 -6.88165 -14.5411 -5.42775 -6.36123 -6.07622 17.1462 9.9804 8.26675 4.36364 -19.0297 
-5.93799 20.6592 -5.81431 6.37683 -8.45252 8.05302 1.32318 -4.84733 -6.8549 -3.43431 4.40196 11.899 -1.55546 -0.23248 7.58643 -7.70944 -13.4315 8.18003 14.1705 6.13894 7.82979 -4.50466 -3.59275 4.90147 -2.58905 -22.3436 4.43705 -4.58294 -4.81119 3.09053 -6.36034 7.32106 0.109174 3.14951 7.81426 30.8213 -2.01112 -0.800758 -11.3341 0.554797 -1.1624 1.14501 -1.46752 -6.10209 8.94553 3.67774 6.00451 5.28891 6.83373 -1.24684 1.96588 -7.05735 -3.48201 10.1915 8.30814 -10.0749 -3.7725 -3.00587 -1.059 3.76816 -5.20454 -2.09218 -1.62392 -0.625885 
out1: 
-18.8327 2.75384 2.56078 8.1301 -5.90404 12.4983 8.57311 3.31956 -11.2319 -0.969023 2.32186 4.56641 -6.85924 -11.9729 5.04218 -5.03433 2.35043 -8.64127 10.816 5.34431 9.08157 -14.7049 -5.1627 -0.369994 9.88852 -8.62022 -3.34904 -2.05706 6.31973 20.537 1.12662 13.8163 8.1091 5.72285 7.60742 3.28304 -3.79061 13.278 0.59415 8.16327 -2.25822 -5.30732 7.21307 5.17537 8.10461 -7.60725 -1.43388 5.05861 4.94186 6.14418 6.02664 1.73908 -20.6605 0.834589 -7.18497 -4.28155 4.15989 2.64153 1.49071 -17.688 -1.01581 -1.408 -1.69249 3.81674 
20.0286 12.0457 -8.31403 -5.49546 3.87775 1.97437 -10.8096 -15.7273 -1.21604 -11.2774 0.394301 5.79529 2.74159 -0.0898306 -4.04904 -2.86534 -19.4166 12.5893 -1.62097 7.29459 9.10353 -0.355753 8.56859 15.9341 -17.4155 -7.97928 -7.75287 18.264 5.26259 -8.74046 -11.6832 11.8394 -15.2806 5.2967 -8.54675 1.14446 -6.67286 8.65672 3.51631 8.72838 -3.40103 5.21669 -2.41089 0.421874 -4.58061 -6.46695 13.3227 14.8158 -8.62934 9.50023 13.1048 4.22081 9.02797 -10.277 -16.1885 22.7881 -5.37814 -14.5702 -4.05369 -0.180546 11.5983 -1.07461 9.87851 -6.69112 
7.15213 -13.0309 -4.88187 -1.39842 -4.68877 -9.7466 13.5886 -1.51264 -6.43166 10.1033 -1.52542 -7.07431 -4.09687 7.54087 1.52183 -6.94167 -0.308647 -12.7755 0.443591 -5.31241 13.4476 16.1418 6.48805 15.1759 -19.5806 0.815324 4.95891 7.38383 2.49518 -4.11303 -7.66046 1.13003 -0.616472 -7.72749 -6.215 -6.77219 -15.1191 1.65667 15.1945 2.80301 -6.37287 -2.45324 -3.38257 4.16096 2.83287 1.1916 2.79752 -25.8879 -2.97434 -2.0129 8.94702 -12.62 -10.6447 6.83994 -2.86662 9.18025 6.20876 7.53502 8.70426 -0.775294 -0.25366 7.57136 0.508878 13.1191 
-12.5473 2.36237 0.224648 -0.30564 1.31243 4.06353 2.56597 -13.5107 -1.42991 0.290006 3.23623 0.750886 -1.399 -3.83764 -8.46201 -8.2549 8.12009 6.12008 7.94037 -16.4417 13.1813 -11.1927 -4.04357 8.41409 1.48555 7.80582 12.8297 -0.299029 -3.20166 17.3032 -3.0444 12.8773 0.691514 7.10302 -13.8329 -13.5698 1.33118 7.39777 -0.672148 10.6418 10.8126 -12.4925 -0.39707 8.81328 12.387 -18.2509 6.65891 -3.06791 -9.11856 -1.64058 13.4812 -1.53253 10.8894 4.45757 -21.7318 -3.37952 8.00397 8.57669 5.82573 13.1185 2.97529 8.67574 5.98662 10.5588 
-8.73998 2.36661 -8.88816 5.85278 -3.97221 0.824711 -3.4195 -15.013 0.597612 8.14958 2.85995 -1.41843 4.60163 6.48279 -8.86943 -4.38395 14.7507 2.46914 2.93543 3.23623 7.30845 -0.678816 4.20596 7.84484 -3.17501 2.21618 -2.15734 0.131672 5.46119 2.78858 -3.82897 -8.65081 9.82439 -11.8047 -0.495217 3.64092 -2.99018 6.4167 8.33915 -4.17606 -1.07627 2.61108 3.96438 12.5556 -5.633 -5.79014 4.70058 -4.4592 2.56698 -4.77212 -8.77681 -13.7256 1.41387 6.18846 10.0184 -3.11879 7.20827 -9.00237 9.84976 -1.59855 -12.2731 2.54942 -9.34129 8.00546 
-1.67333 -6.14814 7.42244 -9.13244 5.18616 -2.54475 -1.96344 -1.3526 -7.89417 1.04652 -7.70809 11.7866 2.75708 -7.39065 -3.59216 -0.708329 0.385336 2.83216 -3.48749 -7.60937 -1.11974 10.5698 -9.81783 -4.96997 -5.86921 3.49245 -4.9547 16.5489 -2.65725 -9.02337 8.38627 10.4086 -8.67093 -3.2545 -14.1156 4.89573 -11.1634 8.45836 12.6561 1.07694 8.93422 -19.377 -2.97189 -0.459367 -8.56589 -22.5497 5.02072 -6.92355 -2.49332 -5.13939 4.74037 -8.16483 4.75451 -13.2728 -12.0046 4.09639 -13.5998 0.267625 -7.57266 -6.05654 -2.55614 19.0172 5.05996 12.7192 
-0.79429 5.64658 -16.4424 -3.2629 8.05377 -10.5388 -4.979 -0.173436 -18.9157 4.07513 -0.712548 5.4158 -9.07153 13.3118 3.6293 8.46811 -2.38633 8.12173 -0.248793 -0.557637 -9.95232 -2.85898 1.37195 0.853095 -11.0707 -9.97274 4.38413 8.84778 -3.36118 -10.9241 -9.60101 10.7565 -2.49461 -0.221728 12.2193 1.38067 -4.21064 -13.3244 4.0276 13.1508 -1.03867 -13.6405 2.76517 -11.417 12.3924 -8.91215 -13.235 15.6771 14.1302 3.60952 -2.35081 0.179529 -5.75892 -12.6299 -4.06576 2.01612 -0.796236 -4.09738 -18.1523 5.63305 3.91875 5.21701 4.24853 -6.69999 
-3.55961 -2.88241 14.3947 5.83406 2.24354 2.04658 5.55961 -6.61187 -5.6514 -2.72999 -4.35969 -6.74495 0.163844 18.3101 5.16842 11.2453 3.91953 -16.4168 -4.40066 -8.12007 5.32515 2.20509 6.55067 -5.31611 -5.15094 -3.23525 10.7628 5.75203 0.639397 -6.13662 11.6729 -12.5218 4.61893 11.2435 -7.56621 2.06702 3.26813 -0.70197 15.3952 -4.94584 4.9493 18.0828 11.255 -4.7299 -3.83697 1.30327 12.5698 -11.5673 -11.8201 3.70034 -0.532582 -8.7744 9.97941 -5.995 4.47521 -2.46299 -10.6577 2.23495 -8.52853 -8.33501 -1.0604 6.66585 -13.3981 -0.0652618 
-9.87277 -12.1499 2.205 -5.5422 10.5663 -2.04424 -2.13117 12.3988 3.9443 0.31645 -6.13273 9.36401 -11.7049 -9.19088 -1.32914 -10.5947 -8.01262 7.00716 7.67028 7.83229 1.68778 -0.266011 -2.15513 -7.95381 -1.99997 1.26339 -7.84079 6.19845 -1.17966 8.81893 5.09034 -7.35862 -3.47512 -4.59319 5.04385 12.1163 -11.9718 3.49201 -0.156802 6.02929 7.65154 1.01034 -0.12399 1.3662 -11.1604 -8.51517 12.303 7.5872 -5.2928 6.95817 1.02337 6.27925 -16.9542 -10.1924 8.19142 -3.16015 1.73684 5.2516 3.99069 0.515231 0.96884 10.4155 5.10992 8.13094 
-28.0185 2.05951 -1.92507 -6.05138 -12.3256 -8.74535 1.86916 -10.86 -10.2044 16.1461 0.520046 5.36857 3.41685 -17.0639 -5.57506 3.27561 -11.5527 3.20231 -12.1107 3.42019 8.3435 -16.318 12.9578 8.98839 12.2603 -6.14538 17.1856 -2.2619 3.86589 14.6473 17.5248 23.6941 -14.5223 8.00898 -8.78412 2.99192 -16.2293 -17.6486 11.5388 8.98146 -11.888 -13.053 -3.85003 4.47326 8.86268 -3.46595 -16.5518 13.8555 17.1459 -0.30572 13.221 18.0088 -4.47062 11.6975 -16.373 12.1524 11.0187 12.7671 2.99501 1.71693 -7.63038 19.479 10.5733 1.61567 
17.2427 9.2137 6.50888 -2.17209 4.08186 2.4786 -5.66045 3.56421 14.4699 -12.1715 6.97025 -24.8606 -3.28539 -5.25041 -5.20305 1.56267 8.13576 5.78434 -4.69657 12.6703 14.5924 -5.40593 4.9006 1.31213 -0.744618 -1.22562 -13.3956 6.53218 12.447 -21.4735 -0.960742 0.100279 0.580762 -3.94592 5.58172 -17.6832 5.73732 -0.906018 -2.33754 1.33963 -4.54981 13.7769 -2.20616 2.23594 -0.412741 -1.79003 -3.84399 1.85384 -3.3777 4.80804 4.44477 12.3994 4.70478 -9.57416 2.44894 -2.07142 5.34157 -2.74492 17.461 -4.9225 2.2804 -14.0654 -2.62267 -20.3806 
1.9532 7.51208 -1.8688 6.65982 5.88108 -2.44593 -0.802755 -4.92688 -2.46023 6.62796 8.64148 5.69363 7.52593 6.03372 -2.68429 16.1206 9.30561 -2.35795 -1.79166 4.04364 -10.3267 -3.5486 -8.68779 -3.5404 -2.00083 -8.18551 8.15287 -6.86962 -6.48881 -5.24764 -3.90591 6.03529 8.29139 -6.55393 3.27134 10.6755 11.845 11.5786 -5.77645 -0.54461 6.74804 -13.7997 0.520355 -1.20006 5.12655 12.6181 -13.4936 4.34762 11.1316 5.50532 -11.8858 6.04712 -3.43657 4.06271 10.272 -16.9034 0.0312772 -6.21644 -2.99145 4.96582 0.635463 -8.25668 0.652421 -8.54942 
-10.0747 -1.10133 10.7856 8.97466 2.16741 3.57426 3.20362 -11.8114 0.577533 -0.171541 6.84083 10.6993 -9.12949 4.49186 4.54741 2.34358 -0.752754 -5.05557 -2.32654 -8.11727 2.1087 -3.23165 9.14342 -3.21275 1.97079 -5.12585 2.27018 -11.2464 -10.3746 19.0979 14.6383 -5.79909 -6.31161 -5.40957 -10.0224 -11.3619 -4.63034 -6.82837 15.7857 -14.4069 7.49018 -3.73083 8.03041 2.61017 -0.384135 -2.19075 -0.507774 3.53457 -1.90768 6.51169 7.42251 0.0774198 13.8239 -3.65137 -1.7859 9.22942 -7.27455 13.0142 -1.98463 -3.80583 6.45582 -1.0441 9.06179 3.11479 
13.6981 2.94692 -7.24066 2.45757 3.54818 -1.58559 13.5475 -8.89612 9.56147 -3.98737 4.09576 3.0247 10.5849 -7.18378 -0.392701 10.3763 3.40729 14.4747 -0.151558 11.5011 -1.04764 -4.51027 0.869102 11.3189 12.7779 2.82989 -10.4635 3.46172 1.91175 -13.9786 -5.30396 -3.67492 -5.41571 -11.0294 -12.4554 -2.11819 5.2089 7.74186 -3.29996 3.85283 -10.3408 -1.31127 -8.53546 6.06209 8.6552 9.37317 -0.8146 -7.15835 15.934 2.79959 3.35786 4.08994 9.76657 9.70847 -1.94453 18.7814 13.711 -8.50028 11.8149 11.698 11.8009 -12.2087 1.20309 -5.46276 
-2.97445 -1.06987 0.482075 9.66441 -8.11925 9.13675 3.50621 -5.35819 -16.4914 5.93071 7.27363 2.33464 -8.04284 -9.76262 -0.495097 -9.52862 -3.30897 2.00809 -4.25699 -11.4382 5.56195 -5.90768 3.22212 -3.74578 -11.6344 1.31506 2.82769 16.5669 1.34388 9.38324 14.481 -3.77658 -4.78152 3.62686 -10.2096 -14.442 1.20453 -9.61007 12.0554 7.16179 -13.4614 7.00002 -2.44594 10.1034 17.4019 -5.5095 -10.4078 5.72568 17.2532 1.82125 2.25941 -11.0309 0.898762 1.14053 -4.03176 9.8159 -2.43531 12.7269 -3.88426 -1.81618 4.06201 6.58017 -2.52335 10.7982 
-6.59703 9.45982 -3.71433 4.511 -4.55252 3.85962 -3.19841 2.15541 13.5282 7.00806 -0.950907 -4.38493 1.42852 -6.28369 -4.97058 -2.0667 17.6675 3.0571 -4.68201 -5.814 -4.95382 -14.3837 -1.01552 -7.59203 12.3707 8.85826 2.37848 3.05205 8.96023 -17.9319 6.34952 10.6768 12.3199 9.78306 -5.02577 -6.75788 -2.763 -2.24397 9.87352 7.6412 0.856118 -0.148199 -3.18216 1.6895 0.940181 -10.6531 -7.37611 -3.43619 -7.28454 3.24871 -4.35394 15.1273 3.49413 3.6579 -8.13142 -7.67598 14.5266 -4.84383 5.68697 -5.61153 -5.26992 -5.70347 -6.62985 -5.25944 
-8.12593 -2.02816 15.2805 16.6482 -0.364179 11.3189 -1.92247 -21.6618 0.775319 -12.0152 0.480129 6.27341 6.7297 0.421481 0.560037 -0.974777 -4.42982 -5.95831 -5.93224 -5.37397 2.35108 -14.8148 1.4707 1.31836 -11.7504 -12.2126 7.30165 8.03547 -3.82506 11.9841 2.63194 -11.3203 -4.53395 -7.35879 2.06759 6.05259 0.641618 1.78434 10.9694 0.700381 -0.4264 -1.51278 7.15669 8.99227 -10.1041 6.86264 1.27266 0.273714 0.435741 4.90921 -12.3486 -11.8468 -0.0754032 7.81506 -12.2762 3.21275 -2.85352 7.80348 6.92154 -4.25951 -12.4918 -13.4555 -17.2863 18.0159 
2.79833 0.114629 -9.01385 0.630265 14.1798 -17.0535 13.2342 1.90715 -0.910057 17.028 -0.314025 9.13535 0.884309 -1.83854 10.6781 8.60054 -0.411364 -13.3442 1.35237 -2.92958 -8.40354 -5.04041 -2.67119 -2.26479 -9.36801 -7.74698 1.37003 7.93292 -0.335077 -10.8941 -2.44049 1.6908 -5.93617 -0.371516 4.52675 -6.91877 6.50902 -2.43273 2.84892 -0.784141 -6.23984 -2.16476 1.50804 -0.771566 2.30948 -6.07066 -13.2405 -13.1511 5.98355 -1.8188 -15.8038 1.40755 -2.90155 -5.04835 -4.91721 3.56363 2.41905 3.54947 -8.34646 -13.265 -2.40856 -2.21964 -7.35402 6.55736 
7.66128 -4.8277 4.06877 -3.4568 -15.5574 4.04718 -3.13616 -0.0699824 1.71743 4.88591 -2.07414 -0.915474 6.6365 -2.51063 -4.665 -1.88517 2.33941 -0.00860953 -4.93596 -13.3577 -2.11066 -0.327255 5.18727 6.40797 -3.45784 9.38214 2.31883 -15.1609 -8.96729 0.487138 0.256414 -2.39897 -0.91608 4.0369 3.38832 -4.17964 -0.688899 -5.03687 1.04001 8.28386 -5.5387 -0.584646 6.70216 6.18867 2.52618 9.74618 4.45788 4.70277 -1.1228 -6.10651 2.80508 6.30897 -5.02323 15.6852 -3.22061 1.21104 13.1156 10.2182 -0.654344 10.2377 8.30235 10.5716 21.4966 -3.81157 
3.3797 7.22108 7.29426 15.7522 4.3295 -1.68695 -9.63721 -8.9218 -19.3921 -14.2754 1.16675 11.3037 -2.33783 5.57052 5.11366 -3.51532 8.2251 7.29405 -3.83574 -16.5425 -0.227148 -9.83083 -3.6954 -9.36751 -3.174 -16.8689 -8.04633 -6.87003 2.02548 3.83169 3.08008 -13.7127 20.5833 -9.15055 1.79621 9.83741 1.3938 8.66767 6.88331 -3.73971 4.5846 8.9388 5.13152 -10.423 0.400921 -0.334351 -0.300019 -7.16596 5.16682 -12.0154 -0.0262556 2.50197 -1.8223 2.85801 -5.86817 -2.71697 -9.20583 0.587164 -2.38706 -25.3862 -4.35026 7.85647 -2.73416 -9.73152 
-19.0164 -3.04536 -3.31182 -12.5187 4.98401 -7.78841 -15.4355 7.42194 4.32899 -1.10823 4.27483 -11.7779 -12.2559 -2.93883 -5.8472 0.264026 0.32045 -6.3681 -1.57699 2.18406 3.455 -14.1306 6.449 12.4958 -0.0435343 13.7288 -3.57953 -11.874 3.5533 -5.13105 9.14965 12.1061 5.20885 6.58188 1.04535 -26.4298 -4.45789 6.51207 -17.2285 13.0438 -8.18182 4.45906 -9.19602 4.33532 1.84746 -13.0065 1.65103 -16.6777 -6.18397 -10.5885 22.068 14.4855 -11.6129 15.9335 -6.80003 -1.42173 26.4765 6.40053 2.85998 5.19175 3.62693 4.44402 22.0689 -4.7404 
-5.64912 9.51294 -1.52927 -2.64074 11.0735 1.51649 16.4904 10.6813 -10.6655 14.3415 3.01001 -5.45463 13.7153 -8.84186 -0.634147 8.86757 15.8494 6.93835 -2.09873 -0.0339624 16.2062 -13.1993 -7.85544 -4.53112 2.82846 8.59022 5.31618 1.90578 15.143 -3.54213 4.44937 5.47252 12.5171 4.66541 -19.0508 -7.61138 -8.42321 6.49739 20.5863 5.80818 -8.36673 -11.5411 -9.19277 9.20772 5.36859 17.0472 -1.18165 0.509593 9.81042 5.71065 7.27809 20.495 -0.959537 -0.99609 0.844466 8.60095 7.32567 -4.57891 -5.98215 -5.60786 -0.0651948 2.8288 -5.69008 4.88947 
-9.22922 9.19903 -0.568936 5.94005 -7.16193 0.298184 -6.24411 2.22435 6.86325 -2.95536 -8.64777 -6.77721 3.43896 -2.37292 -2.96018 -0.0960302 3.6597 -11.8095 3.1356 9.04758 1.0321 -12.5645 1.25964 4.03074 -12.8958 5.09596 14.1443 -3.3942 -7.2233 -3.89338 -12.134 -2.98824 4.37238 -1.6116 4.29669 4.61071 0.17083 1.15853 2.52787 5.25484 -0.823474 -7.63721 -0.260482 -5.81599 3.82428 5.44813 10.3436 6.49172 1.97931 -1.07177 2.33981 -6.61065 3.29759 -10.8987 -1.98986 -11.1702 -1.41056 -3.4959 4.12597 -1.77413 3.62061 1.81055 -0.0824814 1.84266 
2.6277 1.21298 -0.0216164 -2.79256 0.821783 -8.45675 3.37711 15.494 19.6774 3.68179 -0.350956 -13.9642 5.54752 1.80052 -0.799518 -1.19132 -0.201761 -2.5799 12.4348 0.736427 10.3502 -0.111426 -2.3053 -8.35411 -2.78714 -4.49731 1.88304 0.440197 -0.847837 -11.3976 -5.40519 -6.27053 10.8132 2.15886 1.54672 16.8302 -11.6433 4.84718 -15.1942 -2.97322 -4.82576 -5.30714 1.41513 -15.2445 -10.2901 20.0036 2.9782 -4.66735 -3.41086 -1.10402 5.91068 8.71275 7.43699 -0.261683 3.83874 -6.78904 -7.41521 -1.41253 21.1927 7.00979 -7.11669 -10.2083 -3.88889 -1.94519 
13.3489 -16.5012 -21.8415 1.91366 5.9076 -12.8003 -1.54262 11.7585 2.07214 -12.6255 4.30064 -12.1975 2.65513 -4.75145 -6.4134 -8.04034 -1.29459 9.41675 2.71847 4.74391 5.69094 -3.01706 -5.78229 -10.7644 -23.2018 -0.806269 -17.7563 -9.67894 15.9425 -7.2333 -6.48007 5.06403 -0.707229 -4.60093 2.1749 6.72045 -6.08032 3.73428 -2.48328 14.5132 -15.2283 9.02351 -6.91835 8.50387 1.76418 -16.5044 -0.139317 7.29679 -3.16675 1.04367 -3.99389 15.729 -2.03299 9.42484 0.572208 -0.760066 10.5561 -1.62072 7.20386 -7.49002 -2.36232 -7.36012 12.8195 -6.61739 
8.72279 -15.5539 3.04975 -6.43636 10.4172 6.3167 0.921726 -0.976196 3.72766 6.25785 1.36852 -7.19683 3.20555 -21.308 0.719924 -3.96641 -15.3684 -8.59314 -1.50351 3.87954 -3.5514 8.02434 1.16926 -16.3039 -11.6972 1.16881 6.24813 12.608 -2.85575 3.06212 16.4167 -2.25798 -12.1728 10.9249 -7.94764 -9.13751 -11.6104 2.49113 -5.72799 9.74926 -7.91006 4.15972 -3.21572 -3.53136 -3.5045 13.5437 -12.4832 7.35492 10.6531 -2.58858 10.5192 1.31604 4.4689 -7.54664 -0.404492 4.67445 -5.86741 5.99343 -0.510809 9.68232 3.66953 0.63856 8.60053 -2.49555 
-7.39958 1.25704 9.29448 -0.279229 4.14099 4.41619 -3.56258 1.91746 13.94 5.43888 -5.41638 11.0396 3.06872 -1.16317 -0.381796 -4.43337 -4.13288 13.8234 7.78455 1.96886 -4.58235 -9.33467 7.01143 -3.37232 11.8579 14.7499 0.739171 9.90399 -9.68771 4.08944 -0.910741 -12.5945 -10.2832 3.83808 -9.02678 -3.56984 -5.49708 2.89558 5.5854 5.31527 3.21407 -4.13798 3.0686 -0.472509 -13.1995 13.0357 2.13566 -16.2021 6.51809 -8.95482 1.3895 3.63284 6.28596 0.641842 -11.1923 2.35809 4.51911 9.62628 3.2888 10.2411 9.04395 -2.38231 2.22111 -0.584673 
10.3289 15.6508 -3.79335 -1.83173 -5.54364 -4.71182 -7.56854 1.70206 9.93658 -2.36146 -0.133631 -1.51206 2.34856 -15.2774 0.142877 2.3112 6.55785 7.12315 -3.40148 -1.33873 -3.30162 2.90295 4.83832 -6.69681 -12.3499 0.56896 -9.4075 0.323579 -10.5421 -13.305 2.47304 -5.5988 1.04272 -5.32818 8.37308 -3.49569 10.3841 -2.13817 -7.4592 -3.31451 1.23407 -1.28255 -4.30043 2.66428 1.23436 7.96867 11.0167 4.29625 -10.4385 -3.54195 2.3972 5.47307 -3.67494 -2.36981 5.78115 4.8905 -8.33857 -14.9413 -4.56475 -11.1655 -2.09267 -2.58506 -3.60396 -7.92032 
-16.8173 17.8787 -14.218 -5.55301 -6.39099 4.43212 0.933438 3.36844 -3.0228 8.83169 5.95282 -6.98749 -0.334671 4.74422 -8.42437 -6.63667 7.05964 12.3309 2.60503 -2.22962 23.8912 -13.2171 -5.54682 5.65714 -17.782 -9.19913 4.74186 6.49271 2.14354 0.435001 -11.703 24.8381 4.95079 11.4326 -10.8676 -0.414281 -10.3613 3.02398 6.45324 14.4966 -1.8602 -0.780818 -1.42649 9.60617 1.66228 -4.37735 1.89354 -0.0898075 -3.5464 7.5233 4.1836 5.42405 1.78517 -0.41999 3.9183 13.2882 1.78621 -8.62206 2.32707 -13.7323 1.10211 -4.17208 -7.09245 0.731653 
-3.0626 3.15905 12.9144 -10.9078 -6.21688 4.74015 -13.437 -3.94703 0.00836277 5.2123 -4.84735 -5.49635 6.54875 1.19509 -4.49594 1.06432 12.0801 -0.081728 -2.02205 -3.88723 -15.3376 1.29653 2.92673 -6.92461 3.11842 12.9818 4.32076 1.9454 -8.24234 3.40082 13.4789 -2.9924 -13.0164 11.1578 -3.46317 -12.0605 -0.949354 0.203912 8.67465 2.79359 5.69048 15.3591 0.465054 0.614495 -18.4953 -4.02062 -10.4429 -9.52938 15.5688 -16.7716 0.867745 -10.4118 -2.95214 -9.16384 3.19004 -8.83628 -0.894226 -0.616797 -1.91602 -3.9717 -2.74522 2.66296 3.21521 -12.2363 
-15.5371 6.07186 4.28305 4.58481 -9.78722 4.54437 -3.0019 4.75059 -17.0568 9.81357 8.20586 -21.7897 5.77443 5.54198 -9.12589 0.780201 -3.01594 -10.5541 0.26462 -7.51534 5.28495 -4.44496 -5.71047 3.99833 4.36562 5.73636 11.6717 7.19838 -4.08343 4.27723 -1.88232 -1.19854 6.76711 21.1144 6.04423 -3.08471 8.26783 -1.16234 -6.34547 -1.20918 -2.82436 0.0311521 -1.58904 3.18616 12.3496 -4.83689 1.04339 -0.65456 -3.88073 -4.05813 -2.66903 -16.5602 0.0854888 16.5791 3.97678 -14.3274 -1.9691 -9.18986 2.60821 6.73102 -4.81157 15.6748 1.1675 -5.72839 
-10.9837 0.607187 -10.1366 -1.21159 4.95956 -0.523449 -7.62643 6.83626 0.91177 -0.369807 -7.18487 -3.50034 6.89693 2.42011 -3.25285 -0.734855 10.2289 12.3014 -0.378932 -4.21444 -7.1499 -5.85543 -14.8121 4.96025 -6.65612 9.36421 -2.44251 7.58123 -7.34322 1.45428 -4.86919 -6.50139 -18.0349 1.07548 -0.784208 -13.0645 3.85523 4.23182 5.00315 7.31117 -4.12132 -0.6864 -6.15068 -0.284086 -11.4873 -7.42597 9.13226 -11.496 14.2518 -9.64199 6.54528 2.10812 -6.33473 -15.4538 8.96777 8.18477 -0.513587 -10.4134 -9.92236 -10.3399 -0.329174 5.57019 -2.75952 -2.22819 
19.0408 5.75202 10.8248 -2.06294 5.53963 -2.96378 11.9899 -4.96934 -7.43236 -4.66529 -2.65374 0.234993 13.9887 14.6462 2.91845 7.67464 7.5261 4.15089 4.47793 0.0451373 -3.78633 -0.494902 -0.00793242 -2.93412 -0.0974565 -2.3375 -6.52082 9.21976 -4.67917 -1.43871 0.269566 -22.1543 -11.2503 -4.73617 -5.73754 0.590184 3.27699 -4.42787 0.421164 -16.4388 11.6027 1.75714 5.78873 -7.49952 -3.6696 -7.12734 -8.46768 2.11625 -1.37979 0.480518 -6.84245 -24.1259 19.3338 -6.59468 3.6683 -2.98986 -14.5349 -1.93481 7.86924 -2.5018 -7.84863 6.70441 -3.5677 4.46328 
2.3649 8.07764 -19.7326 3.96072 -11.8428 -2.11157 -13.1887 -1.51752 15.3406 2.33993 3.22509 5.86667 4.12316 4.6399 -8.64016 -2.75459 3.2196 -0.310718 6.18647 -0.613513 -14.4347 4.95795 -1.99078 -5.9551 6.13275 2.49327 -0.452726 -1.23901 -0.848318 -9.26006 -11.0971 -5.35321 2.36217 0.166382 11.1233 6.27566 5.74375 8.1041 0.807229 2.52415 -5.81134 -15.3505 5.73678 -1.99286 3.20832 -0.426215 6.42542 -13.351 -1.12933 0.828199 1.14839 -13.7756 -6.97362 6.66071 5.0674 -1.32697 6.09612 -15.4372 -2.5576 1.02096 -9.54575 5.07057 1.29015 -1.11817 
-2.90848 -18.6045 -2.18653 -7.52676 3.7032 0.158586 2.83419 4.93607 -9.1522 7.92654 -3.16812 -8.01762 -2.61824 3.31052 4.45375 -6.46813 -12.1995 -10.3847 -2.33067 -2.98106 -2.58321 8.13505 -6.19917 2.93314 -4.35314 -0.18948 2.79196 -4.53644 -12.6768 4.11725 4.39694 -4.57862 -2.31567 5.00853 15.4824 -3.96076 -10.5482 0.228728 -10.8979 -2.62706 -6.43618 -6.38218 4.18055 -5.77769 -5.83371 12.3378 4.88054 12.8139 17.4211 -9.66976 13.4574 -5.50461 -9.2604 0.424838 -4.4279 1.65492 -4.2697 8.52644 -12.9651 11.0422 -7.19945 19.354 10.7929 3.02717 
1.6156 2.50506 -7.28521 -1.54057 6.10238 5.98734 2.75955 9.75189 1.74779 12.9465 -2.0561 -5.20277 6.1662 -3.92289 6.06596 0.447129 3.29295 -1.15902 7.46216 4.37589 11.2276 7.98342 6.3235 3.78479 -14.7195 -4.92928 -5.28428 4.29184 -1.20331 5.62191 16.2253 15.6288 2.17631 -3.21083 -3.76765 -7.18226 -9.6517 -1.82802 10.634 8.92149 -2.17706 11.0664 0.440118 7.02917 -15.6213 1.47581 -5.86686 7.77948 -9.08152 -9.21561 6.08325 26.9317 -5.36374 2.5223 12.9457 1.8204 5.70334 -4.76565 -9.58811 -5.08822 -2.98871 -7.19553 12.1956 5.41598 
0.32171 -8.46407 -0.558488 -3.67966 6.89856 7.59683 16.0132 -1.44538 10.3878 8.07479 0.280464 2.14177 10.2272 -12.9642 -10.4135 -0.0994004 -1.24247 -2.29527 -2.79 10.4175 5.93509 7.46922 -10.533 12.553 2.22227 4.69848 -7.14174 -0.828676 3.91384 1.89631 11.1521 4.95212 -4.93171 -15.71 -5.24166 7.80464 -4.92979 6.98123 -4.84647 -9.66898 -4.87959 1.81785 -5.57752 1.50978 -6.50054 6.27801 2.05825 5.80129 -5.0371 -1.54821 -4.06355 14.1818 -10.7778 -5.68565 6.07269 -4.17451 9.36213 4.62716 0.273301 -0.0999241 -9.94937 -0.992046 1.18971 6.43493 
0.00703537 -10.1072 1.29527 15.5867 1.38058 -4.14506 -17.5165 -0.630616 -7.13665 -3.24921 1.78996 -12.9309 -20.6651 -0.324623 -8.7854 7.47498 0.585668 11.5647 1.42436 -6.50009 -0.368684 -5.18308 -15.5669 -3.49673 14.7726 5.6835 -9.94342 -8.72696 6.99387 3.63363 -3.403 -9.12807 7.68501 -1.83614 -0.72589 -6.15679 3.76927 8.99013 -1.53948 -6.48536 -1.34358 11.6108 11.6524 -10.6523 3.13577 9.79138 2.12152 5.17797 7.34183 -8.30662 -4.13752 3.6056 -5.48992 1.01305 -12.7788 0.213783 2.50252 -0.405295 11.592 -23.7567 1.39772 -6.92147 -4.66134 4.27593 
16.3419 -2.84534 -2.12039 -2.05741 -7.72757 8.32511 4.96191 -26.7451 12.515 -5.22915 0.424131 8.85456 8.10289 7.46667 7.26283 0.81977 8.27197 -10.2494 9.61034 4.98765 -2.27752 5.17534 7.85708 0.717999 0.6849 -4.44034 -8.59835 -3.36294 -2.87086 -12.5266 -6.99931 -7.12622 -2.28311 0.126764 13.8711 1.17133 5.59628 6.31061 3.88499 0.931439 2.38694 2.94164 10.5946 9.60819 -16.6772 -6.11761 -4.969 -1.9863 -4.89183 -5.48435 6.45311 -7.11406 5.75116 5.45989 0.575659 -1.87531 13.1654 -10.5393 1.11735 4.09154 -2.71519 -8.48778 -6.89328 -5.79373 
-10.6859 -1.50094 8.06122 -3.28669 7.18464 1.85773 0.35364 5.22421 -6.95394 -3.03638 8.92191 4.66467 -9.59269 14.3696 6.29052 5.70631 9.58754 -4.07869 -2.62385 -25.0751 -13.1236 -1.09784 -5.06725 2.92201 11.0268 4.63221 5.73344 -6.41055 -11.7082 13.9058 -0.197377 -2.8865 -1.81254 -1.37637 -2.27284 -11.8924 -1.34009 -3.94962 9.98915 0.198449 -2.22441 -11.0131 15.7341 -4.64322 2.73811 15.6513 7.37093 -15.359 7.90682 6.01271 9.19819 -6.85305 -2.21842 -11.6676 6.84603 -5.47601 5.4514 6.53962 -14.0254 -10.4878 -2.55965 8.64712 -1.8517 14.4105 
-3.16728 7.36921 -19.3906 7.84776 0.156354 -2.79609 0.474285 -15.9467 6.41283 -1.50944 -5.28705 -9.27218 -3.96644 6.35271 -3.34333 0.794815 2.92046 17.3072 7.34126 1.20195 -5.68586 6.73011 -8.72198 3.7162 -9.66832 4.16105 11.6166 2.5117 1.93135 -3.2086 8.88933 6.58774 -3.39748 -0.484889 -3.97794 7.22153 10.6307 3.09821 -4.05249 1.39859 12.3476 -2.45708 0.829117 -0.185616 -3.07571 -9.79179 -4.81763 13.1914 16.5305 5.51089 4.46522 5.60417 3.61772 -6.6413 6.21804 -4.15667 7.51499 -10.6597 -0.936207 4.97991 -4.89441 -5.06551 7.26196 -7.29897 
9.00733 7.6946 -0.807901 3.55757 -3.01992 -5.23536 -1.80589 7.96025 3.99135 -9.34215 -6.22126 -2.75712 0.542635 -2.912 -0.0540508 -9.56265 -5.2046 -4.65406 1.2918 6.17832 8.02942 -4.21724 8.44937 -4.38132 4.10038 -0.465181 -6.01631 -4.44593 19.4265 -3.41445 -4.02961 6.81279 4.02854 -5.79284 -7.52134 12.9857 -10.6816 2.00035 2.44805 -8.10849 2.93405 -6.13654 -11.124 -4.68034 -3.51665 -0.426788 15.1331 2.01768 -20.0838 16.4444 -4.51546 2.2704 9.85468 15.0783 -5.35539 11.2 2.258 -10.4062 8.82019 1.35344 2.50619 -0.719369 0.410324 -4.78545 
11.8118 -5.26463 2.57058 7.2981 2.44782 2.20211 2.26599 1.38545 13.1527 -5.64014 -3.76544 6.60187 3.55008 -4.53328 6.28487 -10.5465 -2.57376 3.06593 -22.0917 0.490489 -5.41242 7.24922 7.81038 -9.34682 -13.9293 -11.8668 -5.21059 11.5033 -8.56323 -4.62856 -1.62954 -6.65549 -7.72354 4.06676 8.37843 -2.65768 -2.0952 5.75508 5.07771 6.76836 5.61317 0.743035 -8.14569 5.11231 -10.5739 -5.01402 -3.99417 -12.1022 -9.85686 7.5843 -1.93145 1.86797 6.93426 -17.7819 -4.41779 15.8264 -5.43584 3.33044 -6.57683 -7.60634 0.236154 4.10271 -13.6858 -6.54875 
-25.4742 1.18576 -3.58602 -11.0792 -7.87506 -1.03577 -5.44497 8.36391 1.66385 -14.5525 -5.56203 -0.709318 0.732802 2.98402 4.05869 -17.1182 -3.62654 1.15218 -0.399387 0.614165 6.54764 -5.14022 8.9392 8.97663 10.2683 3.44879 6.83951 -6.7547 6.32582 -1.58129 -14.1065 9.95424 15.9438 7.44084 9.82589 2.20052 -11.5881 0.300225 -19.9507 8.30194 1.16159 -10.6861 -9.65101 -2.22788 4.24678 0.335148 14.6383 -13.5705 -8.45024 -2.79098 1.814 -8.70242 -3.95984 10.4938 -9.66327 1.71284 9.09499 -7.63194 -1.52124 13.8368 -2.11928 8.99519 -10.3063 2.14595 
-18.2195 -2.38047 -14.7023 -2.69675 -2.78318 -6.87148 -8.83539 -9.1046 -12.1264 -4.10084 -4.17266 0.81664 2.00012 0.833813 1.38007 9.62385 -1.14128 0.768437 -4.18719 7.34427 4.1023 0.999894 7.1698 5.86718 -7.55553 -7.92747 14.1629 -1.27348 -12.516 -1.61057 1.77581 16.2889 -5.32813 13.788 -5.50204 0.951054 -9.28872 1.31883 -1.39153 6.881 0.932615 3.10976 5.00154 -2.69176 -7.92327 9.73249 -8.13894 4.20627 14.5409 -8.2034 2.51778 14.4112 -8.94742 -0.267253 0.597121 13.3672 4.66154 -7.92552 -16.7318 -11.9367 13.8004 4.71388 4.46358 -12.7655 
-10.1126 -3.00453 4.66487 0.704489 10.2127 6.34835 -7.13864 -18.7099 -20.156 -4.40409 -9.12781 7.53582 10.6948 18.6112 5.27039 -7.36122 -7.83745 0.0690126 -16.5673 5.65408 -3.26455 -12.1992 -0.83017 -0.801097 0.396121 -7.69911 8.00012 7.55547 -0.00214219 20.2773 4.64083 -10.9922 -2.70376 -5.96013 -7.18353 -5.66711 -1.31581 -7.10814 -0.193283 0.748789 2.405 7.49579 -6.53679 -7.94479 -9.43412 5.19798 -6.74319 0.401152 19.1103 -3.48119 -6.57611 -8.36409 10.3505 -7.34983 6.46243 15.4328 -5.31792 4.92449 1.32025 0.700814 -4.32981 11.4546 -2.95773 -6.96898 
8.16304 -8.6816 -5.63605 6.77603 -3.13494 6.00932 -16.8678 -11.0493 0.765262 -6.98065 5.74449 -13.5536 -0.127993 -3.44138 -0.723705 11.9641 -9.38927 -1.82834 -4.44923 12.9396 -3.76394 -8.4023 -2.63614 -12.1732 7.84063 -1.69337 -11.6496 10.6178 9.99853 -6.20615 -3.27852 -3.06521 -3.46602 -7.60059 1.75009 4.32006 -1.59365 1.83414 -1.85 0.770453 -8.27969 -6.21986 -3.72999 11.3209 0.768562 -14.9318 -14.5424 5.98082 17.6569 4.39323 -3.91955 -21.7508 17.2886 -4.63829 4.99492 4.07942 1.24656 -1.22604 5.60943 -2.33085 -8.34038 0.999063 -4.06801 5.30145 
3.10488 -1.66705 4.1072 -8.04613 -7.01956 7.66621 -1.53161 -7.35478 12.1759 7.71057 -10.1862 -2.21334 -7.36529 3.34564 7.69205 -16.6213 -1.35435 -4.21973 3.62279 -9.56693 3.06456 -10.9054 1.92351 -12.6218 9.96265 -8.62878 -16.339 6.25882 -2.89536 -7.18839 -2.18388 -1.93549 0.0671353 -1.09452 -0.201388 -7.93896 -6.76598 -2.74769 -9.93376 -1.92752 2.59381 3.79348 -10.2199 -8.55981 -10.7438 7.55842 -0.206392 -0.866068 3.66596 -12.9525 -3.8018 4.86571 -1.18855 8.30829 -1.10566 -1.16585 13.7989 0.930348 -2.7533 5.70936 -4.87592 -7.89449 0.0295648 -6.32637 
0.404074 3.06523 1.11557 14.7577 -1.29943 -0.620979 17.3184 -7.79928 -6.95979 5.92557 1.67334 -0.946261 -2.58102 0.364379 9.81348 5.61837 11.9707 5.38144 1.7976 -1.35982 2.26372 -0.971803 -4.38162 8.63863 0.127288 4.55684 8.95531 -3.83435 4.7847 -1.55898 1.69822 -11.4088 0.148523 -5.17938 -0.938285 1.70668 8.5595 12.6362 5.37864 -15.6439 4.9892 5.66062 -7.95117 9.69777 11.7479 -6.03815 6.3418 8.738 8.09183 11.4688 -3.49013 -5.26895 4.92363 8.01169 0.367563 4.33564 1.59423 -5.13614 -3.86739 -4.81263 -7.74429 -2.25969 -2.83939 1.27518 
-17.6796 10.2485 -16.9947 -5.21192 -4.81765 -0.296009 4.50524 -0.129006 -2.36311 27.1471 2.74937 8.20712 9.47254 -0.646734 1.04272 -8.5633 1.7085 -15.1993 11.7311 -0.345514 -7.85155 4.37677 4.61415 -1.86352 -3.87354 3.99214 -7.93461 2.84723 -3.28165 7.57195 -2.92351 1.70898 -4.34425 0.387701 9.04165 -3.75674 -1.19504 -7.65827 7.47663 5.72602 -4.38374 -17.7713 -4.57128 7.93724 -4.92193 -7.83666 -12.705 4.39628 10.7551 -6.02827 -4.81493 -4.99907 -5.40502 7.83453 11.9918 11.0251 20.0267 -16.4066 -10.3209 8.17149 -12.3168 6.43713 3.13369 13.1622 
6.43696 8.83006 1.02892 9.72702 5.91006 -15.7051 24.5958 0.993443 -3.3431 12.2429 1.33341 18.6355 -2.85638 14.8782 17.8951 10.5744 4.80654 -10.5253 1.91708 -3.8635 -15.0048 4.28195 5.95301 15.3949 4.34514 -2.53688 17.1838 -13.1141 -5.07893 -0.860742 -0.436863 -2.7405 -7.96308 -5.28121 1.71698 -2.93776 7.4933 -6.83296 4.77519 -24.0684 -0.780904 -17.4814 3.1178 -5.2555 5.51729 9.17939 -8.29266 0.523405 6.88544 22.0954 6.18104 2.00808 -0.612536 -4.69003 7.51824 7.23493 -5.42182 -0.454569 -18.4895 4.14112 2.10006 2.47703 6.28047 -0.905576 
0.506309 9.53947 11.0313 0.638454 10.686 7.84009 10.792 1.15595 -12.7752 5.149 -4.82128 4.5722 -0.932777 -4.27063 5.47093 -5.11852 1.96849 3.73672 -7.11857 1.61838 1.74658 2.54173 -2.04764 -14.881 -6.97824 -5.26299 3.18846 7.76722 5.42383 -2.14422 3.21132 9.08649 -3.40943 -7.16434 -11.1108 1.43807 -7.2362 -10.2399 15.7619 13.0036 4.68893 -6.72133 -9.27149 2.10435 12.6986 7.98799 -2.10969 9.05812 1.56036 4.71949 1.13326 1.54644 1.91516 -10.6356 2.52334 -4.77933 -4.88487 8.27349 2.08351 5.36983 7.46288 1.83444 -6.12442 -13.3194 
-3.26169 -6.27662 -11.8932 4.34346 -10.4077 -19.2406 8.78718 9.7774 -16.8184 3.25352 -18.3111 -10.9432 0.494259 -1.10426 8.19519 -4.55802 -0.863928 -13.9571 -10.8516 -8.10215 -0.92381 5.67983 3.23004 -6.80971 1.31022 9.81916 -0.868931 17.5891 20.4494 -5.18196 -4.62795 8.28231 5.87631 -6.08311 -6.65007 -4.85764 -22.0914 -16.885 -3.63159 8.8408 -26.0061 -15.5836 -23.0767 -4.86052 5.01201 6.67615 -0.262319 -1.66609 1.06071 5.03702 0.482907 0.387501 0.272682 -3.40682 8.44638 3.91932 0.102855 -7.64767 1.54528 8.8318 -8.2601 17.0334 -10.7484 8.52747 
-9.55008 10.7527 -19.1959 0.424954 2.72513 -10.221 -3.86864 -1.74056 -9.04571 -2.78036 -8.14433 8.69371 -5.14997 8.30215 4.1523 -2.9156 -6.19362 4.9418 6.81033 1.30277 -6.4308 -6.24634 3.03283 7.77261 0.841593 -8.82348 14.535 -6.40358 -5.32942 5.80096 -14.588 11.9289 -2.96656 -8.26499 7.29489 4.31284 -4.15984 -7.88 2.93934 4.92051 -3.98903 -7.1076 4.22601 -10.4533 -1.37751 16.3695 -2.80106 4.56602 16.6189 9.60238 7.04412 5.45383 -10.7604 -2.91884 -3.92739 1.13705 2.5914 -8.64993 -7.40366 -10.3188 -2.2065 -6.1258 6.32083 2.84059 
-6.8922 1.94713 -0.742591 0.226126 -11.1455 0.0805974 -5.08333 -6.80581 -7.06147 -0.618492 1.07926 15.5791 2.42052 1.22972 -2.99843 1.42827 6.52521 9.34228 1.74103 -7.77328 3.17436 2.38144 3.43552 9.81211 15.3794 -6.5296 2.86171 1.95195 -1.65726 3.50569 -0.270186 0.877158 -2.92305 -2.6117 -7.63961 14.2513 -5.67365 -4.10225 11.8051 -6.51589 3.0591 4.95939 -0.448597 -4.98034 7.20963 -6.90182 3.55103 2.9007 -0.184053 -4.23543 -0.52331 1.56092 -0.356646 6.93415 -2.23162 3.41153 4.08273 -0.173269 -1.11739 -6.76386 1.26032 3.51645 -3.38853 -0.423453 
-16.0016 -2.23999 -4.69182 4.40781 -3.35916 5.51546 -10.5207 3.3565 2.33036 -4.07803 1.65303 -22.3731 2.91269 -9.64517 -9.57691 0.526 7.17324 -14.6383 4.7264 12.455 9.21678 -2.34018 -0.623618 -0.0554988 3.9863 7.06605 -5.3135 6.14099 2.83207 6.31668 -10.8067 -4.5205 -2.48228 3.79268 2.35495 -14.902 4.78914 6.38487 -0.289641 5.42668 -2.98744 4.17844 1.15507 6.35262 3.46451 -13.3789 10.9888 7.32579 -11.9327 -0.940219 0.376697 -9.81783 -2.50715 8.23174 2.35547 0.387577 12.7757 2.40477 14.4947 -3.62738 -3.21966 9.84333 -7.04656 19.0247 
-3.41752 6.89966 5.97548 -9.16386 1.3018 8.97374 6.63522 6.5125 -4.19517 2.97742 6.64541 12.8844 0.74834 2.76213 -2.79384 6.35098 14.965 7.91422 -2.9535 -7.7012 4.54582 -6.63271 -9.1514 -9.5149 14.1781 6.06329 -4.03469 -3.53791 9.08183 -4.03822 -9.8426 4.66873 13.0652 -7.29417 -3.68581 3.76974 4.31415 5.99654 1.74294 11.4733 3.57494 -4.68856 0.148108 -1.38928 19.6915 0.364047 2.50154 3.14466 2.79747 -4.34241 3.02007 5.5292 8.49008 -6.0113 -1.11852 4.08722 3.71469 -4.59356 2.08161 3.53301 15.6568 -4.50632 -14.0551 -3.22904 
14.3917 -1.64948 8.38888 9.07468 -2.14261 -0.437682 6.90141 0.0928488 -2.35489 -3.10734 -2.03848 -15.632 0.242727 16.4181 -6.05883 1.68694 10.7941 -2.10903 -6.9939 -6.7471 9.69008 5.7088 -3.89045 -6.53431 -5.21217 3.31925 -6.07265 5.5124 4.16598 -3.18339 11.0428 8.21781 9.46296 -11.3853 -14.2798 1.25886 10.4118 -4.89925 -3.40179 -3.15436 13.3791 11.1099 -9.18604 -2.33165 1.34313 -2.09193 -6.63193 -11.6889 -9.93918 -4.33219 -13.8409 6.17658 16.1483 1.36344 15.1192 -11.7506 -6.7595 3.57904 5.51532 8.84195 8.81846 0.647127 -8.69704 -9.43018 
-4.10883 2.25402 -2.40341 -3.26179 11.6577 -0.820999 -9.66532 -1.44485 -7.65452 2.38548 3.68029 14.7383 -6.24461 12.0708 6.72472 3.37087 3.04503 -4.3705 4.59214 10.7755 -0.341211 7.9544 2.54935 -3.50787 -18.6691 -13.9106 5.78971 -0.480444 -5.65535 1.94659 -1.69962 -5.50266 -1.2163 1.5171 2.15754 -7.4327 5.47819 3.05906 13.0086 3.58525 7.32233 10.4016 7.03948 -10.3028 -8.82958 2.97867 -6.85723 -1.67379 11.3322 -1.3829 1.00766 -7.43312 -9.29591 -17.8546 2.31035 10.8513 5.29852 -3.10884 -18.1843 -17.5914 2.08493 -3.61431 -9.47872 0.492365 
11.999 -2.0169 2.24506 2.43857 -5.25633 9.79168 -10.0384 11.9371 -0.652204 -20.9764 3.10309 -15.9668 0.584085 -17.988 0.0728528 -4.69859 -0.00127758 13.4617 -2.29936 -2.70222 14.8965 -17.3797 -7.12271 -0.298793 7.77796 -3.54951 -9.54034 0.278452 14.4627 -9.00081 -0.261051 7.16463 25.7434 13.5564 -5.38233 9.97531 -17.7945 10.9132 -0.746319 4.74977 -7.28605 7.16268 -5.14556 10.9834 5.14098 6.74794 8.78267 1.57236 3.14789 7.20267 0.279628 12.4619 7.53262 6.63349 -1.31704 -0.174802 -4.14478 -4.26642 0.805897 -14.4169 -1.05758 -5.39599 -1.89641 -9.00125 
-0.589069 4.31949 12.1796 -7.81195 3.84811 7.2943 0.536226 -0.499702 -8.56434 6.72875 -8.55149 5.65725 1.91749 15.8049 8.07686 6.015 4.49726 1.66343 -3.09357 -0.317784 -0.737022 1.77331 -6.51999 -6.65085 1.76594 -6.93774 -2.20481 -7.86779 -4.16626 2.8457 -3.11788 -10.3241 3.40355 1.65417 -4.37574 3.50653 -1.86918 7.13464 2.94457 -10.2743 15.7779 6.66092 -0.839907 -11.6762 -6.88843 7.29452 11.8715 -3.09967 -7.19834 -6.1802 -1.02143 -3.38865 2.2388 -17.5011 13.0648 -3.36908 -13.7939 -4.6456 -13.8443 -9.01904 5.08367 2.89248 -6.00732 -9.98988 
3.70391 -0.903369 13.9801 -12.5095 9.13462 -16.1108 -0.148026 -0.270955 12.3893 0.914015 -7.82515 14.9097 -5.99783 -4.88279 1.5609 10.7906 3.03218 8.47122 -1.14636 -1.16113 -3.9583 0.49245 13.0861 -10.8319 -3.92425 -8.32538 -3.5405 4.76989 4.27782 -16.4535 4.46181 4.49038 -14.1887 -11.9707 -2.67113 4.70453 4.17021 -3.7811 14.9084 10.1161 7.47456 -0.655683 7.80081 -12.228 -5.62037 -5.67157 1.12436 -2.69234 -10.8342 -3.32399 -0.79032 1.66024 -3.44087 -13.2491 -21.8876 -1.34494 -8.66305 17.9807 -1.32866 2.91778 10.6661 3.89426 -8.01734 3.12 
6.55559 -17.3753 -2.95959 -4.68204 10.9316 -14.6282 -5.56284 -3.48363 10.6111 -0.661995 -8.61773 -10.7997 -18.7328 3.71134 1.26434 1.59958 -7.55443 3.41624 11.7358 9.93777 6.45136 -5.16014 13.3526 -1.58882 0.937651 9.13456 -12.7606 10.549 2.64128 -21.6208 -5.65855 1.69694 2.99774 -6.78946 -5.43718 -6.94888 -10.9004 -1.89704 -6.07185 -0.339797 8.87585 -3.22198 -16.9936 -2.37211 -5.59462 1.70998 0.840788 2.91785 -0.878692 0.485349 13.4942 6.75541 8.86086 -10.0703 -6.88165 -14.5411 -5.42775 -6.36123 -6.07622 17.1462 9.98039 8.26675 4.36364 -19.0297 
-5.93799 20.6592 -5.81431 6.37683 -8.45252 8.05302 1.32318 -4.84733 -6.8549 -3.43431 4.40196 11.899 -1.55546 -0.232479 7.58643 -7.70944 -13.4315 8.18003 14.1705 6.13894 7.82979 -4.50466 -3.59275 4.90147 -2.58905 -22.3436 4.43705 -4.58294 -4.81119 3.09053 -6.36034 7.32106 0.109175 3.14951 7.81426 30.8213 -2.01112 -0.800758 -11.3341 0.554796 -1.1624 1.14501 -1.46752 -6.10209 8.94553 3.67774 6.00451 5.28892 6.83373 -1.24684 1.96588 -7.05734 -3.48201 10.1915 8.30814 -10.0749 -3.7725 -3.00587 -1.059 3.76816 -5.20454 -2.09219 -1.62392 -0.625883 
